EPC,Time,ReadCount,RSSI,Antenna,Frequency,Phase,Date
30303033,1634800323,1,-69,2,916250,50,2021-10-21 10:12:03
30303034,1634800323,1,-59,1,903750,25,2021-10-21 10:12:03
30303131,1634800323,1,-58,1,927250,5,2021-10-21 10:12:03
30303032,1634800324,1,-49,1,914250,87,2021-10-21 10:12:04
30303130,1634800324,1,-70,1,923250,126,2021-10-21 10:12:04
30303033,1634800325,1,-76,2,917250,19,2021-10-21 10:12:05
30303032,1634800325,1,-48,1,909750,104,2021-10-21 10:12:05
30303131,1634800325,1,-57,1,922250,25,2021-10-21 10:12:05
30303130,1634800325,1,-68,1,922250,14,2021-10-21 10:12:05
30303231,1634800325,1,-74,2,908750,36,2021-10-21 10:12:05
30303034,1634800325,1,-55,1,924750,64,2021-10-21 10:12:05
30303032,1634800325,1,-53,1,923250,146,2021-10-21 10:12:05
30303130,1634800325,1,-68,1,923250,160,2021-10-21 10:12:05
30303131,1634800326,1,-54,1,926250,2,2021-10-21 10:12:06
30303032,1634800326,1,-52,1,922250,149,2021-10-21 10:12:06
30303130,1634800326,1,-69,1,925750,56,2021-10-21 10:12:06
30303034,1634800327,1,-57,2,918250,165,2021-10-21 10:12:07
30303032,1634800327,1,-48,1,912750,137,2021-10-21 10:12:07
30303231,1634800327,1,-80,1,916750,109,2021-10-21 10:12:07
30303131,1634800328,1,-61,1,922250,151,2021-10-21 10:12:08
30303130,1634800328,1,-70,1,925750,45,2021-10-21 10:12:08
30303032,1634800328,1,-53,1,925750,56,2021-10-21 10:12:08
30303131,1634800329,1,-58,1,926250,19,2021-10-21 10:12:09
30303130,1634800329,1,-69,1,926250,45,2021-10-21 10:12:09
30303032,1634800329,1,-54,1,904750,106,2021-10-21 10:12:09
30303034,1634800329,1,-61,2,926750,84,2021-10-21 10:12:09
30303231,1634800329,1,-70,2,910750,64,2021-10-21 10:12:09
30303131,1634800329,1,-59,1,925750,25,2021-10-21 10:12:09
30303032,1634800330,1,-53,1,924750,104,2021-10-21 10:12:10
30303032,1634800330,1,-49,1,913750,129,2021-10-21 10:12:10
30303131,1634800331,1,-62,1,922750,67,2021-10-21 10:12:11
30303034,1634800331,1,-62,1,903750,165,2021-10-21 10:12:11
30303130,1634800331,1,-70,1,915750,19,2021-10-21 10:12:11
30303231,1634800331,1,-68,2,910250,73,2021-10-21 10:12:11
30303032,1634800331,1,-50,1,919250,104,2021-10-21 10:12:11
30303131,1634800331,1,-58,1,918250,19,2021-10-21 10:12:11
30303130,1634800332,1,-67,1,921250,19,2021-10-21 10:12:12
30303032,1634800332,1,-48,1,922750,177,2021-10-21 10:12:12
30303131,1634800332,1,-61,1,927250,98,2021-10-21 10:12:12
30303130,1634800332,1,-70,1,909250,2,2021-10-21 10:12:12
30303034,1634800332,1,-52,1,920250,151,2021-10-21 10:12:12
30303032,1634800333,1,-49,1,906750,39,2021-10-21 10:12:13
30303231,1634800333,1,-74,2,923250,157,2021-10-21 10:12:13
30303130,1634800333,1,-70,1,913250,53,2021-10-21 10:12:13
30303131,1634800333,1,-61,30303933,1634801246,1,2021-10-21 10:12:13
30303933,1634801247,1,-57,2,921250,81,2021-10-21 10:27:27
30303034,1634801247,1,-63,1,904250,104,2021-10-21 10:27:27
30303933,1634801248,1,-57,2,915750,11,2021-10-21 10:27:28
30303933,1634801249,1,-57,2,916250,171,2021-10-21 10:27:29
30303034,1634801249,1,-62,1,908750,135,2021-10-21 10:27:29
30303933,1634801250,1,-57,2,923250,42,2021-10-21 10:27:30
30303933,1634801250,1,-57,2,925750,171,2021-10-21 10:27:30
30303034,1634801251,1,-64,1,911250,45,2021-10-21 10:27:31
30303933,1634801251,1,-57,2,911250,81,2021-10-21 10:27:31
30303933,1634801252,1,-57,2,919250,115,2021-10-21 10:27:32
30303933,1634801253,1,-58,2,903750,45,2021-10-21 10:27:33
30303034,1634801254,1,-62,1,908250,157,2021-10-21 10:27:34
30303933,1634801254,1,-57,2,918750,132,2021-10-21 10:27:34
30303933,1634801255,1,-57,2,915750,174,2021-10-21 10:27:35
30303034,1634801256,1,-62,1,905750,61,2021-10-21 10:27:36
30303933,1634801256,1,-57,2,922750,47,2021-10-21 10:27:36
30303933,1634801257,1,-57,2,913250,42,2021-10-21 10:27:37
30303034,1634801258,1,-61,1,922250,123,2021-10-21 10:27:38
30303933,1634801258,1,-57,2,909250,123,2021-10-21 10:27:38
30303933,1634801259,1,-57,2,926750,160,2021-10-21 10:27:39
30303933,1634801260,1,-57,2,914250,42,2021-10-21 10:27:40
30303034,1634801260,1,-64,1,905250,47,2021-10-21 10:27:40
30303231,1634801260,1,-81,2,904750,0,2021-10-21 10:27:40
30303231,1634801260,1,-82,2,904750,11,2021-10-21 10:27:40
30303933,1634801261,1,-62,2,903750,64,2021-10-21 10:27:41
30303933,1634801261,1,-61,2,923750,25,2021-10-21 10:27:41
30303034,1634801262,1,-58,1,926750,8,2021-10-21 10:27:42
30303933,1634801262,1,-62,2,914750,14,2021-10-21 10:27:42
30303933,1634801263,1,-62,2,925250,14,2021-10-21 10:27:43
30303034,1634801264,1,-63,1,908750,129,2021-10-21 10:27:44
30303933,1634801264,1,-58,2,917750,154,2021-10-21 10:27:44
30303933,1634801265,1,-61,2,927250,143,2021-10-21 10:27:45
30303034,1634801266,1,-62,1,912250,14,2021-10-21 10:27:46
30303933,1634801266,1,-62,2,926250,0,2021-10-21 10:27:46
30303933,1634801267,1,-61,2,924750,30,2021-10-21 10:27:47
30303933,1634801268,1,-58,2,910750,92,2021-10-21 10:27:48
30303034,1634801268,1,-63,1,904250,98,2021-10-21 10:27:48
30303933,1634801269,1,-60,2,906750,174,2021-10-21 10:27:49
30303933,1634801270,1,-60,2,922250,56,2021-10-21 10:27:50
30303034,1634801270,1,-62,1,903250,132,2021-10-21 10:27:50
30303933,1634801271,1,-61,2,904750,61,2021-10-21 10:27:51
30303231,1634801271,1,-70,2,909750,123,2021-10-21 10:27:51
30303933,1634801271,1,-60,2,908250,151,2021-10-21 10:27:51
30303933,1634801272,1,-60,2,909750,123,2021-10-21 10:27:52
30303034,1634801272,1,-62,1,903750,109,2021-10-21 10:27:52
30303933,1634801273,1,-61,2,905250,39,2021-10-21 10:27:53
30303933,1634801274,1,-58,2,914750,30,2021-10-21 10:27:54
30303034,1634801274,1,-62,1,907750,132,2021-10-21 10:27:54
30303933,1634801275,1,-60,2,921750,90,2021-10-21 10:27:55
30303933,1634801276,1,-60,2,902750,87,2021-10-21 10:27:56
30303231,1634801276,1,-70,2,912250,42,2021-10-21 10:27:56
30303034,1634801276,1,-59,1,904750,92,2021-10-21 10:27:56
30303933,1634801277,1,-61,2,903750,64,2021-10-21 10:27:57
30303231,1634801278,1,-70,2,913250,28,2021-10-21 10:27:58
30303933,1634801278,1,-60,2,905250,39,2021-10-21 10:27:58
30303034,1634801278,1,-60,1,906250,42,2021-10-21 10:27:58
30303933,1634801279,1,-60,2,914750,36,2021-10-21 10:27:59
30303933,1634801280,1,-61,2,925250,14,2021-10-21 10:28:00
30303231,1634801280,1,-70,2,909750,109,2021-10-21 10:28:00
30303933,1634801281,1,-59,2,912250,70,2021-10-21 10:28:01
30303034,1634801281,1,-64,1,903750,126,2021-10-21 10:28:01
30303933,1634801281,1,-60,2,922250,70,2021-10-21 10:28:01
30303933,1634801282,1,-58,2,915250,25,2021-10-21 10:28:02
30303034,1634801283,1,-60,1,924750,45,2021-10-21 10:28:03
30303933,1634801283,1,-59,2,903250,61,2021-10-21 10:28:03
30303933,1634801284,1,-61,2,917250,163,2021-10-21 10:28:04
30303933,1634801285,1,-60,2,913250,45,2021-10-21 10:28:05
30303034,1634801285,1,-62,1,905250,78,2021-10-21 10:28:05
30303933,1634801286,1,-59,2,909250,129,2021-10-21 10:28:06
30303933,1634801287,1,-61,2,926750,171,2021-10-21 10:28:07
30303034,1634801287,1,-62,1,916250,73,2021-10-21 10:28:07
30303933,1634801288,1,-61,2,924250,33,2021-10-21 10:28:08
30303933,1634801289,1,-62,2,909750,115,2021-10-21 10:28:09
30303034,1634801289,1,-66,1,907250,171,2021-10-21 10:28:09
30303933,1634801289,1,-61,2,905250,28,2021-10-21 10:28:09
30303933,1634801290,1,-60,2,920250,104,2021-10-21 10:28:10
30303034,1634801291,1,-63,1,910250,95,2021-10-21 10:28:11
30303933,1634801291,1,-59,2,913750,56,2021-10-21 10:28:11
30303933,1634801292,1,-58,2,906750,174,2021-10-21 10:28:12
30303034,1634801292,1,-62,1,905250,84,2021-10-21 10:28:12
30303933,1634801293,1,-59,2,927250,160,2021-10-21 10:28:13
30303933,1634801294,1,-59,2,915250,22,2021-10-21 10:28:14
30303034,1634801294,1,-62,1,904250,137,2021-10-21 10:28:14
30303933,1634801295,1,-61,2,919250,129,2021-10-21 10:28:15
30303933,1634801296,1,-61,2,903750,53,2021-10-21 10:28:16
30303034,1634801296,1,-60,1,924750,104,2021-10-21 10:28:16
30303933,1634801297,1,-60,2,905250,25,2021-10-21 10:28:17
30303933,1634801298,1,-57,2,925750,2,2021-10-21 10:28:18
30303034,1634801298,1,-57,1,923250,67,2021-10-21 10:28:18
30303933,1634801299,1,-61,2,911250,104,2021-10-21 10:28:19
30303933,1634801299,1,-57,2,924250,22,2021-10-21 10:28:19
30303034,1634801300,1,-62,1,913750,163,2021-10-21 10:28:20
30303933,1634801300,1,-58,2,911750,67,2021-10-21 10:28:20
30303933,1634801301,1,-61,2,926250,14,2021-10-21 10:28:21
30303034,1634801302,1,-65,1,909250,53,2021-10-21 10:28:22
30303933,1634801302,1,-60,2,910250,101,2021-10-21 10:28:22
30303933,1634801303,1,-60,2,904250,33,2021-10-21 10:28:23
30303933,1634801304,1,-60,2,905250,19,2021-10-21 10:28:24
30303034,1634801304,1,-62,1,911250,87,2021-10-21 10:28:24
30303933,1634801305,1,-61,2,925750,154,2021-10-21 10:28:25
30303933,1634801306,1,-64,2,922750,42,2021-10-21 10:28:26
30303034,1634801307,1,-71,1,910250,115,2021-10-21 10:28:27
30303933,1634801307,1,-62,2,906750,5,2021-10-21 10:28:27
30303933,1634801308,1,-60,2,919750,137,2021-10-21 10:28:28
30303933,1634801309,1,-60,2,921250,101,2021-10-21 10:28:29
30303034,1634801309,1,-66,1,914750,56,2021-10-21 10:28:29
30303933,1634801310,1,-62,2,915750,45,2021-10-21 10:28:30
30303231,1634801310,1,-75,2,918750,129,2021-10-21 10:28:30
30303933,1634801310,1,-62,2,913750,123,2021-10-21 10:28:30
30303933,1634801311,1,-59,2,917750,47,2021-10-21 10:28:31
30303034,1634801311,1,-57,1,913250,104,2021-10-21 10:28:31
30303231,1634801312,1,-70,2,916750,33,2021-10-21 10:28:32
30303933,1634801312,1,-60,2,922250,151,2021-10-21 10:28:32
30303933,1634801313,1,-60,2,921250,171,2021-10-21 10:28:33
30303034,1634801313,1,-57,1,921750,151,2021-10-21 10:28:33
30303231,1634801314,1,-70,2,916250,42,2021-10-21 10:28:34
30303933,1634801314,1,-60,2,924750,106,2021-10-21 10:28:34
30303933,1634801315,1,-57,2,925250,95,2021-10-21 10:28:35
30303034,1634801315,1,-60,1,922250,90,2021-10-21 10:28:35
30303231,1634801316,1,-73,2,920250,101,2021-10-21 10:28:36
30303933,1634801316,1,-59,2,907750,56,2021-10-21 10:28:36
30303933,1634801317,1,-59,2,906250,92,2021-10-21 10:28:37
30303034,1634801317,1,-53,1,924250,163,2021-10-21 10:28:37
30303933,1634801318,1,-57,2,918750,33,2021-10-21 10:28:38
30303933,1634801319,1,-58,2,915750,81,2021-10-21 10:28:39
30303231,1634801319,1,-70,2,915750,59,2021-10-21 10:28:39
30303034,1634801319,1,-57,1,905250,39,2021-10-21 10:28:39
30303933,1634801319,1,-59,2,910750,174,2021-10-21 10:28:39
30303231,1634801320,1,-70,2,919250,143,2021-10-21 10:28:40
30303933,1634801320,1,-57,2,918250,42,2021-10-21 10:28:40
30303034,1634801321,1,-53,1,913750,42,2021-10-21 10:28:41
30303933,1634801321,1,-60,2,922250,137,2021-10-21 10:28:41
30303231,1634801322,1,-70,2,917750,5,2021-10-21 10:28:42
30303933,1634801322,1,-62,2,904750,120,2021-10-21 10:28:42
30303034,1634801323,1,-59,2,920750,146,2021-10-21 10:28:43
30303933,1634801323,1,-60,2,903250,132,2021-10-21 10:28:43
30303231,1634801324,1,-73,2,918750,143,2021-10-21 10:28:44
30303933,1634801324,1,-61,2,922750,132,2021-10-21 10:28:44
30303034,1634801325,1,-52,1,903250,143,2021-10-21 10:28:45
30303933,1634801325,1,-62,2,912250,115,2021-10-21 10:28:45
30303231,1634801325,1,-71,2,911250,8,2021-10-21 10:28:45
30303933,1634801326,1,-57,2,919750,11,2021-10-21 10:28:46
30303034,1634801327,1,-55,2,923250,36,2021-10-21 10:28:47
30303933,1634801327,1,-60,2,926250,50,2021-10-21 10:28:47
30303231,1634801327,1,-70,2,916750,25,2021-10-21 10:28:47
30303933,1634801328,1,-58,2,924750,92,2021-10-21 10:28:48
30303034,1634801328,1,-54,2,921750,75,2021-10-21 10:28:48
30303933,1634801328,1,-58,2,925250,78,2021-10-21 10:28:48
30303231,1634801329,1,-68,2,916250,25,2021-10-21 10:28:49
30303933,1634801329,1,-61,2,902750,146,2021-10-21 10:28:49
30303034,1634801330,1,-56,1,906250,75,2021-10-21 10:28:50
30303933,1634801330,1,-59,2,919750,25,2021-10-21 10:28:50
30303231,1634801330,1,-70,2,919750,95,2021-10-21 10:28:50
30303933,1634801331,1,-62,2,918750,22,2021-10-21 10:28:51
30303231,1634801332,1,-70,2,920750,120,2021-10-21 10:28:52
30303933,1634801332,1,-60,2,924750,81,2021-10-21 10:28:52
30303034,1634801332,1,-53,1,915750,154,2021-10-21 10:28:52
30303933,1634801333,1,-59,2,925250,70,2021-10-21 10:28:53
30303231,1634801334,1,-69,2,914750,75,2021-10-21 10:28:54
30303933,1634801334,1,-57,2,912250,132,2021-10-21 10:28:54
30303034,1634801334,1,-52,1,923750,101,2021-10-21 10:28:54
30303933,1634801335,1,-58,2,922250,129,2021-10-21 10:28:55
30303231,1634801335,1,-69,2,917750,5,2021-10-21 10:28:55
30303933,1634801336,1,-57,2,905750,78,2021-10-21 10:28:56
30303034,1634801336,1,-54,2,922750,73,2021-10-21 10:28:56
30303933,1634801337,1,-59,2,903250,135,2021-10-21 10:28:57
30303034,1634801337,1,-83,2,906750,90,2021-10-21 10:28:57
30303231,1634801337,1,-70,2,918750,151,2021-10-21 10:28:57
30303933,1634801338,1,-59,2,922750,118,2021-10-21 10:28:58
30303034,1634801338,1,-58,1,902750,56,2021-10-21 10:28:58
30303933,1634801338,1,-58,2,918250,19,2021-10-21 10:28:58
30303231,1634801339,1,-69,2,911250,163,2021-10-21 10:28:59
30303933,1634801339,1,-58,2,907250,47,2021-10-21 10:28:59
30303933,1634801340,1,-58,2,911250,151,2021-10-21 10:29:00
30303034,1634801340,1,-57,2,926750,118,2021-10-21 10:29:00
30303231,1634801341,1,-69,2,917250,8,2021-10-21 10:29:01
30303933,1634801341,1,-59,2,919250,14,2021-10-21 10:29:01
30303933,1634801342,1,-61,2,903750,120,2021-10-21 10:29:02
30303034,1634801342,1,-57,2,927250,129,2021-10-21 10:29:02
30303933,1634801343,1,-59,2,918750,25,2021-10-21 10:29:03
30303032,1634801343,1,-55,2,913750,118,2021-10-21 10:29:03
30303231,1634801344,1,-76,2,903750,47,2021-10-21 10:29:04
30303933,1634801344,1,-60,2,908750,2,2021-10-21 10:29:04
30303034,1634801344,1,-57,1,919250,53,2021-10-21 10:29:04
30303032,1634801344,1,-60,1,906750,146,2021-10-21 10:29:04
30303033,1634801345,1,-74,1,911250,28,2021-10-21 10:29:05
30303933,1634801345,1,-58,2,921750,137,2021-10-21 10:29:05
30303032,1634801345,1,-56,2,920750,106,2021-10-21 10:29:05
30303231,1634801345,1,-72,2,920750,78,2021-10-21 10:29:05
30303933,1634801346,1,-59,2,902750,135,2021-10-21 10:29:06
30303034,1634801346,1,-50,1,913250,39,2021-10-21 10:29:06
30303033,1634801346,1,-71,1,905250,154,2021-10-21 10:29:06
30303032,1634801346,1,-60,1,926250,81,2021-10-21 10:29:06
30303933,1634801347,1,-59,2,903750,123,2021-10-21 10:29:07
30303032,1634801347,1,-49,1,914750,42,2021-10-21 10:29:07
30303231,1634801347,1,-68,2,914750,73,2021-10-21 10:29:07
30303933,1634801348,1,-60,2,905250,95,2021-10-21 10:29:08
30303032,1634801348,1,-53,1,911250,174,2021-10-21 10:29:08
30303034,1634801348,1,-50,1,916750,120,2021-10-21 10:29:08
30303033,1634801348,1,-82,2,922250,118,2021-10-21 10:29:08
30303933,1634801348,1,-60,2,920750,165,2021-10-21 10:29:08
30303032,1634801349,1,-57,1,903250,33,2021-10-21 10:29:09
30303231,1634801349,1,-70,2,917750,19,2021-10-21 10:29:09
30303933,1634801349,1,-60,2,904750,126,2021-10-21 10:29:09
30303032,1634801350,1,-61,1,922750,92,2021-10-21 10:29:10
30303933,1634801350,1,-58,2,924250,112,2021-10-21 10:29:10
30303032,1634801350,1,-52,1,918250,120,2021-10-21 10:29:10
30303231,1634801351,1,-70,2,916750,16,2021-10-21 10:29:11
30303933,1634801351,1,-59,2,909750,19,2021-10-21 10:29:11
30303032,1634801351,1,-63,1,927250,33,2021-10-21 10:29:11
30303034,1634801351,1,-68,1,907250,135,2021-10-21 10:29:11
30303933,1634801352,1,-62,2,905250,101,2021-10-21 10:29:12
30303032,1634801352,1,-58,1,912750,64,2021-10-21 10:29:12
30303231,1634801352,1,-70,2,913750,118,2021-10-21 10:29:12
30303933,1634801353,1,-61,2,909250,22,2021-10-21 10:29:13
30303034,1634801353,1,-57,1,910250,146,2021-10-21 10:29:13
30303933,1634801354,1,-61,2,926750,70,2021-10-21 10:29:14
30303231,1634801354,1,-66,2,917250,25,2021-10-21 10:29:14
30303933,1634801355,1,-61,2,907750,45,2021-10-21 10:29:15
30303034,1634801355,1,-57,1,912750,53,2021-10-21 10:29:15
30303933,1634801356,1,-60,2,906250,70,2021-10-21 10:29:16
30303231,1634801356,1,-69,2,920250,135,2021-10-21 10:29:16
30303933,1634801357,1,-61,2,921250,171,2021-10-21 10:29:17
30303034,1634801357,1,-62,1,904250,112,2021-10-21 10:29:17
30303933,1634801357,1,-58,2,915750,70,2021-10-21 10:29:17
30303231,1634801358,1,-71,2,914250,73,2021-10-21 10:29:18
30303933,1634801358,1,-60,2,916250,53,2021-10-21 10:29:18
30303034,1634801359,1,-65,1,909250,163,2021-10-21 10:29:19
30303933,1634801359,1,-62,2,912250,132,2021-10-21 10:29:19
30303231,1634801359,1,-70,2,912250,126,2021-10-21 10:29:19
30303933,1634801360,1,-59,2,907250,45,2021-10-21 10:29:20
30303034,1634801361,1,-57,1,917750,73,2021-10-21 10:29:21
30303231,1634801361,1,-73,2,921250,92,2021-10-21 10:29:21
30303933,1634801361,1,-62,2,915250,109,2021-10-21 10:29:21
30303933,1634801362,1,-57,2,919250,16,2021-10-21 10:29:22
30303231,1634801363,1,-70,2,911250,120,2021-10-21 10:29:23
30303034,1634801363,1,-63,1,911250,132,2021-10-21 10:29:23
30303933,1634801363,1,-60,2,904250,112,2021-10-21 10:29:23
30303933,1634801364,1,-62,2,923250,120,2021-10-21 10:29:24
30303231,1634801364,1,-69,2,916250,39,2021-10-21 10:29:24
30303034,1634801364,1,-58,1,917250,135,2021-10-21 10:29:24
30303933,1634801365,1,-60,2,920750,168,2021-10-21 10:29:25
30303032,1634801365,1,-67,1,907750,36,2021-10-21 10:29:25
30303933,1634801366,1,-59,2,916750,56,2021-10-21 10:29:26
30303231,1634801366,1,-70,2,919750,132,2021-10-21 10:29:26
30303032,1634801366,1,-58,1,927250,67,2021-10-21 10:29:26
30303034,1634801366,1,-59,1,915750,174,2021-10-21 10:29:26
30303933,1634801367,1,-57,2,924250,104,2021-10-21 10:29:27
30303032,1634801367,1,-57,1,918750,22,2021-10-21 10:29:27
30303933,1634801367,1,-58,2,909750,19,2021-10-21 10:29:27
30303033,1634801367,1,-71,1,903750,47,2021-10-21 10:29:27
30303231,1634801368,1,-70,2,914750,53,2021-10-21 10:29:28
30303032,1634801368,1,-62,1,906750,120,2021-10-21 10:29:28
30303034,1634801368,1,-58,1,923250,81,2021-10-21 10:29:28
30303933,1634801368,1,-59,2,913250,146,2021-10-21 10:29:28
30303032,1634801369,1,-57,1,904250,157,2021-10-21 10:29:29
30303933,1634801369,1,-61,2,920250,177,2021-10-21 10:29:29
30303231,1634801369,1,-69,2,903250,120,2021-10-21 10:29:29
30303032,1634801370,1,-57,1,923250,73,2021-10-21 10:29:30
30303033,1634801370,1,-70,1,905750,118,2021-10-21 10:29:30
30303933,1634801370,1,-62,2,926750,53,2021-10-21 10:29:30
30303034,1634801370,1,-57,1,925250,171,2021-10-21 10:29:30
30303032,1634801371,1,-54,1,922250,109,2021-10-21 10:29:31
30303933,1634801371,1,-60,2,914250,115,2021-10-21 10:29:31
30303231,1634801371,1,-75,2,918250,143,2021-10-21 10:29:31
30303032,1634801371,1,-57,1,926250,11,2021-10-21 10:29:31
30303933,1634801372,1,-60,2,903750,115,2021-10-21 10:29:32
30303034,1634801372,1,-57,1,925750,25,2021-10-21 10:29:32
30303032,1634801372,1,-54,1,925750,5,2021-10-21 10:29:32
30303933,1634801373,1,-60,2,912750,135,2021-10-21 10:29:33
30303231,1634801373,1,-79,2,912750,140,2021-10-21 10:29:33
30303032,1634801373,1,-51,1,915250,16,2021-10-21 10:29:33
30303933,1634801374,1,-59,2,914750,92,2021-10-21 10:29:34
30303032,1634801374,1,-50,1,914750,22,2021-10-21 10:29:34
30303034,1634801374,1,-64,1,902750,8,2021-10-21 10:29:34
30303231,1634801375,1,-76,2,921250,81,2021-10-21 10:29:35
30303032,1634801375,1,-51,1,905750,163,2021-10-21 10:29:35
30303933,1634801375,1,-60,2,926750,59,2021-10-21 10:29:35
30303032,1634801375,1,-52,1,925750,2,2021-10-21 10:29:35
30303933,1634801376,1,-61,2,914250,120,2021-10-21 10:29:36
30303034,1634801376,1,-57,1,921250,163,2021-10-21 10:29:36
30303231,1634801376,1,-68,2,916750,154,2021-10-21 10:29:36
30303032,1634801376,1,-61,1,926750,135,2021-10-21 10:29:36
30303933,1634801377,1,-59,2,911750,151,2021-10-21 10:29:37
30303032,1634801377,1,-56,1,919250,36,2021-10-21 10:29:37
30303933,1634801377,1,-62,2,912750,140,2021-10-21 10:29:37
30303032,1634801378,1,-56,1,916250,140,2021-10-21 10:29:38
30303231,1634801378,1,-70,2,922750,42,2021-10-21 10:29:38
30303034,1634801378,1,-64,1,904250,160,2021-10-21 10:29:38
30303933,1634801378,1,-60,2,920250,2,2021-10-21 10:29:38
30303032,1634801379,1,-56,1,917750,90,2021-10-21 10:29:39
30303933,1634801379,1,-59,2,926750,53,2021-10-21 10:29:39
30303231,1634801379,1,-69,2,917250,14,2021-10-21 10:29:39
30303032,1634801380,1,-55,1,911750,123,2021-10-21 10:29:40
30303034,1634801380,1,-57,1,925750,16,2021-10-21 10:29:40
30303933,1634801380,1,-60,2,914250,123,2021-10-21 10:29:40
30303032,1634801380,1,-53,1,905250,30,2021-10-21 10:29:40
30303933,1634801381,1,-60,2,903750,123,2021-10-21 10:29:41
30303032,1634801381,1,-51,1,920750,160,2021-10-21 10:29:41
30303034,1634801382,1,-64,1,907750,64,2021-10-21 10:29:42
30303933,1634801382,1,-59,2,905250,101,2021-10-21 10:29:42
30303032,1634801382,1,-52,1,921250,149,2021-10-21 10:29:42
30303933,1634801383,1,-59,2,909250,16,2021-10-21 10:29:43
30303032,1634801383,1,-50,1,914750,33,2021-10-21 10:29:43
30303231,1634801383,1,-70,2,919250,19,2021-10-21 10:29:43
30303034,1634801384,1,-65,1,905750,120,2021-10-21 10:29:44
30303032,1634801384,1,-54,1,904750,61,2021-10-21 10:29:44
30303933,1634801384,1,-60,2,911250,165,2021-10-21 10:29:44
30303032,1634801384,1,-57,1,910250,132,2021-10-21 10:29:44
30303933,1634801385,1,-58,2,919250,36,2021-10-21 10:29:45
30303231,1634801385,1,-70,2,918250,163,2021-10-21 10:29:45
30303032,1634801385,1,-57,1,925250,171,2021-10-21 10:29:45
30303034,1634801385,1,-64,1,904250,163,2021-10-21 10:29:45
30303933,1634801385,1,-59,2,917250,64,2021-10-21 10:29:45
30303032,1634801386,1,-62,1,924250,101,2021-10-21 10:29:46
30303933,1634801386,1,-62,2,913250,135,2021-10-21 10:29:46
30303231,1634801386,1,-70,2,923750,33,2021-10-21 10:29:46
30303034,1634801387,1,-56,1,920750,22,2021-10-21 10:29:47
30303933,1634801387,1,-62,2,909250,25,2021-10-21 10:29:47
30303231,1634801388,1,-68,2,921250,84,2021-10-21 10:29:48
30303933,1634801388,1,-62,2,911250,165,2021-10-21 10:29:48
30303933,1634801389,1,-59,2,919250,39,2021-10-21 10:29:49
30303034,1634801389,1,-66,1,902750,28,2021-10-21 10:29:49
30303231,1634801390,1,-70,2,913750,101,2021-10-21 10:29:50
30303933,1634801390,1,-60,2,917250,70,2021-10-21 10:29:50
30303933,1634801391,1,-59,2,905250,92,2021-10-21 10:29:51
30303034,1634801391,1,-57,1,915250,14,2021-10-21 10:29:51
30303933,1634801392,1,-57,2,925750,87,2021-10-21 10:29:52
30303032,1634801392,1,-70,1,908750,56,2021-10-21 10:29:52
30303933,1634801393,1,-58,2,921750,160,2021-10-21 10:29:53
30303034,1634801393,1,-62,1,906250,101,2021-10-21 10:29:53
30303933,1634801394,1,-62,2,902750,154,2021-10-21 10:29:54
30303231,1634801394,1,-70,2,918250,171,2021-10-21 10:29:54
30303933,1634801394,1,-62,2,906250,84,2021-10-21 10:29:54
30303034,1634801395,1,-64,1,908250,47,2021-10-21 10:29:55
30303231,1634801395,1,-70,2,918750,157,2021-10-21 10:29:55
30303933,1634801395,1,-59,2,921250,171,2021-10-21 10:29:55
30303933,1634801396,1,-60,2,903250,135,2021-10-21 10:29:56
30303034,1634801397,1,-62,1,912750,95,2021-10-21 10:29:57
30303933,1634801397,1,-58,2,922750,135,2021-10-21 10:29:57
30303231,1634801398,1,-70,2,915750,64,2021-10-21 10:29:58
30303933,1634801398,1,-57,2,918250,39,2021-10-21 10:29:58
30303034,1634801399,1,-64,1,904250,123,2021-10-21 10:29:59
30303033,1634801399,1,-74,1,904250,106,2021-10-21 10:29:59
30303933,1634801399,1,-58,2,907250,78,2021-10-21 10:29:59
30303231,1634801399,1,-69,2,919250,143,2021-10-21 10:29:59
30303933,1634801400,1,-58,2,915250,104,2021-10-21 10:30:00
30303033,1634801400,1,-74,1,904250,92,2021-10-21 10:30:00
30303034,1634801400,1,-58,1,919750,25,2021-10-21 10:30:00
30303933,1634801401,1,-59,2,903250,154,2021-10-21 10:30:01
30303032,1634801401,1,-70,1,908250,67,2021-10-21 10:30:01
30303231,1634801401,1,-70,2,918250,137,2021-10-21 10:30:01
30303032,1634801402,1,-70,1,904250,2,2021-10-21 10:30:02
30303933,1634801402,1,-57,2,917250,45,2021-10-21 10:30:02
30303034,1634801402,1,-62,1,908250,36,2021-10-21 10:30:02
30303933,1634801403,1,-60,2,913250,129,2021-10-21 10:30:03
30303231,1634801403,1,-71,2,918750,163,2021-10-21 10:30:03
30303933,1634801404,1,-60,2,920250,14,2021-10-21 10:30:04
30303034,1634801404,1,-57,1,918750,73,2021-10-21 10:30:04
30303933,1634801404,1,-60,2,911250,154,2021-10-21 10:30:04
30303231,1634801404,1,-74,2,911250,157,2021-10-21 10:30:04
30303933,1634801405,1,-59,2,908250,33,2021-10-21 10:30:05
30303032,1634801405,1,-70,1,907750,73,2021-10-21 10:30:05
30303231,1634801406,1,-73,2,916250,36,2021-10-21 10:30:06
30303034,1634801406,1,-57,1,922750,115,2021-10-21 10:30:06
30303933,1634801406,1,-60,2,904250,112,2021-10-21 10:30:06
30303032,1634801406,1,-68,1,903750,36,2021-10-21 10:30:06
30303933,1634801407,1,-58,2,905250,104,2021-10-21 10:30:07
30313132,1634801408,1,-79,1,917250,118,2021-10-21 10:30:08
30303034,1634801408,1,-75,1,917250,177,2021-10-21 10:30:08
30303231,1634801408,1,-69,2,917250,42,2021-10-21 10:30:08
30303034,1634801408,1,-57,1,925750,45,2021-10-21 10:30:08
30303933,1634801408,1,-57,2,920250,5,2021-10-21 10:30:08
30303032,1634801408,1,-70,1,902750,78,2021-10-21 10:30:08
30303033,1634801409,1,-77,2,913250,174,2021-10-21 10:30:09
30303933,1634801409,1,-59,2,926750,47,2021-10-21 10:30:09
30303032,1634801409,1,-70,1,904250,39,2021-10-21 10:30:09
30303231,1634801409,1,-75,2,927250,101,2021-10-21 10:30:09
30303933,1634801410,1,-58,2,914250,106,2021-10-21 10:30:10
30303034,1634801410,1,-62,1,917750,61,2021-10-21 10:30:10
30303033,1634801410,1,-80,1,912250,118,2021-10-21 10:30:10
30303933,1634801411,1,-61,2,903750,129,2021-10-21 10:30:11
30303231,1634801411,1,-75,2,919250,157,2021-10-21 10:30:11
30303933,1634801412,1,-58,2,923750,109,2021-10-21 10:30:12
30303034,1634801412,1,-62,1,912750,67,2021-10-21 10:30:12
30303032,1634801412,1,-68,1,905750,19,2021-10-21 10:30:12
30303933,1634801413,1,-58,2,920250,165,2021-10-21 10:30:13
30303231,1634801413,1,-76,2,919250,151,2021-10-21 10:30:13
30303134,1634801413,1,-68,1,912250,95,2021-10-21 10:30:13
30303133,1634801413,1,-70,1,918250,129,2021-10-21 10:30:13
30303933,1634801413,1,-59,2,904750,123,2021-10-21 10:30:13
30303034,1634801414,1,-59,1,913750,47,2021-10-21 10:30:14
30303134,1634801414,1,-68,1,915750,163,2021-10-21 10:30:14
30303032,1634801414,1,-70,1,903250,70,2021-10-21 10:30:14
30303933,1634801414,1,-57,2,908250,42,2021-10-21 10:30:14
30303133,1634801415,1,-70,1,918250,146,2021-10-21 10:30:15
30303032,1634801415,1,-70,1,910750,14,2021-10-21 10:30:15
30303933,1634801415,1,-57,2,904250,109,2021-10-21 10:30:15
30303231,1634801415,1,-74,2,922250,39,2021-10-21 10:30:15
30303034,1634801416,1,-64,1,907250,19,2021-10-21 10:30:16
30303134,1634801416,1,-68,2,912250,25,2021-10-21 10:30:16
30303132,1634801416,1,-68,1,918250,45,2021-10-21 10:30:16
30303133,1634801416,1,-70,1,918250,137,2021-10-21 10:30:16
30303933,1634801416,1,-58,2,923250,118,2021-10-21 10:30:16
30303139,1634801417,1,-70,1,907250,135,2021-10-21 10:30:17
30303933,1634801417,1,-60,2,925750,73,2021-10-21 10:30:17
30303231,1634801417,1,-71,2,914750,19,2021-10-21 10:30:17
30303134,1634801417,1,-66,2,924750,112,2021-10-21 10:30:17
30303034,1634801417,1,-57,1,919250,42,2021-10-21 10:30:17
30303133,1634801418,1,-70,1,918250,135,2021-10-21 10:30:18
30303933,1634801418,1,-57,2,916750,53,2021-10-21 10:30:18
30303139,1634801418,1,-66,1,913750,137,2021-10-21 10:30:18
30303132,1634801418,1,-70,1,906250,67,2021-10-21 10:30:18
30303033,1634801419,1,-79,1,908750,132,2021-10-21 10:30:19
30303231,1634801419,1,-70,2,924750,174,2021-10-21 10:30:19
30303933,1634801419,1,-61,2,924250,135,2021-10-21 10:30:19
30303133,1634801419,1,-64,1,913250,165,2021-10-21 10:30:19
30303139,1634801419,1,-66,2,905250,33,2021-10-21 10:30:19
30303034,1634801419,1,-60,1,918750,45,2021-10-21 10:30:19
30303933,1634801420,1,-61,2,909750,8,2021-10-21 10:30:20
30303132,1634801420,1,-70,1,903750,39,2021-10-21 10:30:20
30313133,1634801420,1,-68,2,925750,45,2021-10-21 10:30:20
30313033,1634801420,1,-69,1,920250,106,2021-10-21 10:30:20
30303931,1634801420,1,-66,2,910250,42,2021-10-21 10:30:20
30313036,1634801420,1,-70,1,907750,177,2021-10-21 10:30:20
30313031,1634801421,1,-64,2,917750,146,2021-10-21 10:30:21
30303231,1634801421,1,-73,2,923250,73,2021-10-21 10:30:21
30303933,1634801421,1,-63,2,905250,151,2021-10-21 10:30:21
30303033,1634801421,1,-74,2,905250,0,2021-10-21 10:30:21
30303133,1634801421,1,-66,1,923750,45,2021-10-21 10:30:21
30303931,1634801421,1,-70,2,912750,2,2021-10-21 10:30:21
30303034,1634801421,1,-60,1,922750,95,2021-10-21 10:30:21
30303931,1634801421,1,-66,1,927250,95,2021-10-21 10:30:21
30303933,1634801422,1,-61,2,920750,61,2021-10-21 10:30:22
30303133,1634801422,1,-64,1,923750,14,2021-10-21 10:30:22
30303933,1634801422,1,-59,2,905750,73,2021-10-21 10:30:22
30303230,1634801422,1,-63,2,905750,2,2021-10-21 10:30:22
30303231,1634801423,1,-72,2,922250,120,2021-10-21 10:30:23
30303034,1634801423,1,-60,1,920250,157,2021-10-21 10:30:23
30303933,1634801423,1,-58,2,914750,120,2021-10-21 10:30:23
30303133,1634801424,1,-62,1,918750,174,2021-10-21 10:30:24
30303933,1634801424,1,-57,2,916750,81,2021-10-21 10:30:24
30303931,1634801424,1,-70,1,926750,154,2021-10-21 10:30:24
30313036,1634801424,1,-70,1,906250,42,2021-10-21 10:30:24
30303931,1634801425,1,-71,2,922250,67,2021-10-21 10:30:25
30303231,1634801425,1,-72,2,907250,50,2021-10-21 10:30:25
30303034,1634801425,1,-62,1,917750,67,2021-10-21 10:30:25
30313031,1634801425,1,-68,2,917750,90,2021-10-21 10:30:25
30303230,1634801425,1,-70,2,912250,53,2021-10-21 10:30:25
30303133,1634801426,1,-66,1,915250,87,2021-10-21 10:30:26
30303931,1634801426,1,-65,2,910250,64,2021-10-21 10:30:26
30303933,1634801426,1,-63,2,924250,118,2021-10-21 10:30:26
30303034,1634801427,1,-62,1,915250,168,2021-10-21 10:30:27
30313031,1634801427,1,-74,2,904750,45,2021-10-21 10:30:27
30303133,1634801427,1,-67,1,904750,87,2021-10-21 10:30:27
30303231,1634801427,1,-73,2,917250,174,2021-10-21 10:30:27
30313036,1634801428,1,-70,1,912250,30,2021-10-21 10:30:28
30303931,1634801428,1,-70,1,923250,67,2021-10-21 10:30:28
30303033,1634801428,1,-79,2,913250,104,2021-10-21 10:30:28
30303931,1634801429,1,-68,1,925250,22,2021-10-21 10:30:29
30303034,1634801429,1,-63,1,911750,92,2021-10-21 10:30:29
30303931,1634801429,1,-68,1,925750,174,2021-10-21 10:30:29
30303231,1634801429,1,-82,2,925750,16,2021-10-21 10:30:29
30313033,1634801430,1,-69,1,919250,95,2021-10-21 10:30:30
30303133,1634801430,1,-67,1,914250,135,2021-10-21 10:30:30
30303032,1634801430,1,-71,1,906750,132,2021-10-21 10:30:30
30303933,1634801430,1,-62,2,912750,33,2021-10-21 10:30:30
30303933,1634801431,1,-57,2,925750,25,2021-10-21 10:30:31
30303034,1634801431,1,-60,1,915750,140,2021-10-21 10:30:31
30303133,1634801431,1,-66,1,914250,132,2021-10-21 10:30:31
30303033,1634801431,1,-74,2,912250,135,2021-10-21 10:30:31
30303231,1634801431,1,-70,2,926250,33,2021-10-21 10:30:31
30303933,1634801432,1,-62,1,913750,2,2021-10-21 10:30:32
30303133,1634801433,1,-67,1,906750,56,2021-10-21 10:30:33
30303034,1634801433,1,-57,1,923750,81,2021-10-21 10:30:33
30303033,1634801433,1,-71,2,912750,95,2021-10-21 10:30:33
30303231,1634801433,1,-72,2,916750,45,2021-10-21 10:30:33
30303033,1634801434,1,-74,1,907750,115,2021-10-21 10:30:34
30303133,1634801434,1,-66,1,913250,2,2021-10-21 10:30:34
30303034,1634801435,1,-58,1,922750,101,2021-10-21 10:30:35
30303231,1634801435,1,-70,2,920750,120,2021-10-21 10:30:35
30303033,1634801436,1,-69,2,916750,157,2021-10-21 10:30:36
30303133,1634801437,1,-69,1,908750,59,2021-10-21 10:30:37
30303034,1634801437,1,-62,1,919250,33,2021-10-21 10:30:37
30303032,1634801438,1,-64,1,903750,25,2021-10-21 10:30:38
30303133,1634801438,1,-61,1,909250,135,2021-10-21 10:30:38
30303034,1634801439,1,-57,1,921250,151,2021-10-21 10:30:39
30303032,1634801439,1,-70,1,921250,0,2021-10-21 10:30:39
30303033,1634801439,1,-74,2,917250,109,2021-10-21 10:30:39
30303032,1634801440,1,-53,1,920750,5,2021-10-21 10:30:40
30303132,1634801440,1,-66,2,909250,157,2021-10-21 10:30:40
30303133,1634801440,1,-67,1,909250,64,2021-10-21 10:30:40
30303032,1634801440,1,-53,1,926250,42,2021-10-21 10:30:40
30303033,1634801440,1,-76,2,915250,171,2021-10-21 10:30:40
30303034,1634801441,1,-58,1,916250,123,2021-10-21 10:30:41
30303231,1634801441,1,-70,2,922750,112,2021-10-21 10:30:41
30303032,1634801441,1,-51,1,914750,45,2021-10-21 10:30:41
30303033,1634801442,1,-76,2,918250,14,2021-10-21 10:30:42
30303032,1634801442,1,-53,1,916750,168,2021-10-21 10:30:42
30303133,1634801442,1,-70,1,904250,90,2021-10-21 10:30:42
30303034,1634801443,1,-57,1,914750,42,2021-10-21 10:30:43
30303032,1634801443,1,-50,1,908250,115,2021-10-21 10:30:43
30303139,1634801443,1,-66,2,919250,120,2021-10-21 10:30:43
30303231,1634801443,1,-77,2,918250,171,2021-10-21 10:30:43
30303032,1634801444,1,-50,1,916250,14,2021-10-21 10:30:44
30303133,1634801444,1,-68,1,904250,81,2021-10-21 10:30:44
30303138,1634801444,1,-70,1,920750,36,2021-10-21 10:30:44
30303032,1634801445,1,-53,1,917750,118,2021-10-21 10:30:45
30303034,1634801445,1,-61,1,912250,75,2021-10-21 10:30:45
30303032,1634801445,1,-54,1,911750,115,2021-10-21 10:30:45
30303132,1634801446,1,-61,1,927250,137,2021-10-21 10:30:46
30303133,1634801446,1,-71,1,907250,135,2021-10-21 10:30:46
30303231,1634801446,1,-73,2,924750,25,2021-10-21 10:30:46
30303138,1634801446,1,-56,1,923750,19,2021-10-21 10:30:46
30303032,1634801446,1,-55,1,918750,53,2021-10-21 10:30:46
30303034,1634801447,1,-60,1,926750,53,2021-10-21 10:30:47
30303033,1634801447,1,-77,1,906250,165,2021-10-21 10:30:47
30303133,1634801447,1,-71,1,907250,45,2021-10-21 10:30:47
30303132,1634801447,1,-63,1,909250,64,2021-10-21 10:30:47
30303032,1634801447,1,-53,1,908750,75,2021-10-21 10:30:47
30303231,1634801448,1,-70,2,916750,78,2021-10-21 10:30:48
30303032,1634801448,1,-54,1,910750,174,2021-10-21 10:30:48
30303138,1634801449,1,-62,1,922250,19,2021-10-21 10:30:49
30303033,1634801449,1,-73,2,919250,92,2021-10-21 10:30:49
30303032,1634801449,1,-52,1,902750,126,2021-10-21 10:30:49
30303132,1634801449,1,-70,1,912250,123,2021-10-21 10:30:49
30303032,1634801450,1,-54,1,909750,19,2021-10-21 10:30:50
30303036,1634801450,1,-62,2,908750,61,2021-10-21 10:30:50
30303231,1634801450,1,-71,2,915750,92,2021-10-21 10:30:50
30303931,1634801450,1,-66,2,910250,42,2021-10-21 10:30:50
30303133,1634801451,1,-62,1,919250,120,2021-10-21 10:30:51
30303933,1634801451,1,-63,2,924250,132,2021-10-21 10:30:51
30313031,1634801451,1,-57,2,905250,171,2021-10-21 10:30:51
30303138,1634801451,1,-57,1,918750,126,2021-10-21 10:30:51
30303132,1634801451,1,-70,1,918750,149,2021-10-21 10:30:51
30303931,1634801451,1,-69,1,926750,118,2021-10-21 10:30:51
30303933,1634801451,1,-59,2,916250,92,2021-10-21 10:30:51
30303032,1634801451,1,-53,1,904250,45,2021-10-21 10:30:51
30303933,1634801452,1,-63,2,906750,106,2021-10-21 10:30:52
30303032,1634801452,1,-55,1,912250,101,2021-10-21 10:30:52
30313033,1634801452,1,-65,2,918250,11,2021-10-21 10:30:52
30303132,1634801452,1,-66,1,912750,95,2021-10-21 10:30:52
30313031,1634801453,1,-58,2,918750,84,2021-10-21 10:30:53
30303931,1634801453,1,-67,1,925250,22,2021-10-21 10:30:53
30303231,1634801453,1,-70,2,922750,112,2021-10-21 10:30:53
30303032,1634801453,1,-51,1,911750,101,2021-10-21 10:30:53
30303034,1634801453,1,-64,1,911750,160,2021-10-21 10:30:53
30303933,1634801453,1,-64,2,927250,73,2021-10-21 10:30:53
30303133,1634801453,1,-57,1,920750,84,2021-10-21 10:30:53
30303138,1634801453,1,-62,1,920750,92,2021-10-21 10:30:53
30303931,1634801453,1,-67,1,925750,14,2021-10-21 10:30:53
30313033,1634801454,1,-66,2,918250,22,2021-10-21 10:30:54
30303032,1634801454,1,-52,1,905250,137,2021-10-21 10:30:54
30303933,1634801454,1,-62,2,923750,129,2021-10-21 10:30:54
30313031,1634801454,1,-55,2,904750,22,2021-10-21 10:30:54
30303032,1634801455,1,-51,1,909250,25,2021-10-21 10:30:55
30303133,1634801455,1,-52,1,909250,101,2021-10-21 10:30:55
30303231,1634801455,1,-70,2,925750,163,2021-10-21 10:30:55
30303033,1634801455,1,-78,1,903250,45,2021-10-21 10:30:55
30303933,1634801455,1,-64,1,908250,171,2021-10-21 10:30:55
30303932,1634801455,1,-63,1,917750,36,2021-10-21 10:30:55
30303138,1634801456,1,-63,1,912750,154,2021-10-21 10:30:56
30303032,1634801456,1,-51,1,905750,157,2021-10-21 10:30:56
30303933,1634801456,1,-59,2,920250,30,2021-10-21 10:30:56
30303231,1634801456,1,-73,2,920250,140,2021-10-21 10:30:56
30303133,1634801457,1,-54,1,914750,73,2021-10-21 10:30:57
30303034,1634801457,1,-61,1,924750,14,2021-10-21 10:30:57
30303932,1634801457,1,-63,1,908250,135,2021-10-21 10:30:57
30303032,1634801457,1,-53,1,908250,81,2021-10-21 10:30:57
30303033,1634801457,1,-80,1,917750,0,2021-10-21 10:30:57
30303933,1634801457,1,-64,1,921750,19,2021-10-21 10:30:57
30303132,1634801458,1,-70,1,916250,132,2021-10-21 10:30:58
30303032,1634801458,1,-50,1,904250,47,2021-10-21 10:30:58
30303138,1634801458,1,-60,1,920750,129,2021-10-21 10:30:58
30303932,1634801458,1,-58,1,914750,42,2021-10-21 10:30:58
30303133,1634801458,1,-53,1,914750,56,2021-10-21 10:30:58
30303933,1634801458,1,-62,1,924250,73,2021-10-21 10:30:58
30303032,1634801458,1,-53,1,912250,143,2021-10-21 10:30:58
30303034,1634801459,1,-59,1,923250,70,2021-10-21 10:30:59
30303033,1634801459,1,-77,1,905750,177,2021-10-21 10:30:59
30303231,1634801459,1,-70,2,926750,168,2021-10-21 10:30:59
30303032,1634801460,1,-63,1,910250,129,2021-10-21 10:31:00
30303133,1634801460,1,-62,1,908250,146,2021-10-21 10:31:00
30303031,1634801460,1,-60,1,924250,45,2021-10-21 10:31:00
30303132,1634801460,1,-69,1,912250,140,2021-10-21 10:31:00
30303138,1634801460,1,-60,1,904750,123,2021-10-21 10:31:00
30303231,1634801461,1,-70,2,917250,64,2021-10-21 10:31:01
30303833,1634801461,1,-70,1,909750,25,2021-10-21 10:31:01
30303133,1634801461,1,-58,1,910250,123,2021-10-21 10:31:01
30303033,1634801462,1,-78,2,916750,19,2021-10-21 10:31:02
30303032,1634801462,1,-59,1,903750,81,2021-10-21 10:31:02
30303231,1634801462,1,-70,2,919750,135,2021-10-21 10:31:02
30303138,1634801463,1,-59,1,903250,168,2021-10-21 10:31:03
30303133,1634801463,1,-55,1,919250,129,2021-10-21 10:31:03
30303133,1634801464,1,-57,1,907750,143,2021-10-21 10:31:04
30303231,1634801464,1,-70,2,917750,39,2021-10-21 10:31:04
30303138,1634801465,1,-63,1,922750,64,2021-10-21 10:31:05
30303133,1634801466,1,-56,1,916750,33,2021-10-21 10:31:06
30303231,1634801466,1,-70,2,922750,39,2021-10-21 10:31:06
30303132,1634801466,1,-65,1,904250,157,2021-10-21 10:31:06
30303138,1634801467,1,-61,2,907750,22,2021-10-21 10:31:07
30303133,1634801468,1,-57,1,921750,67,2021-10-21 10:31:08
30303231,1634801468,1,-70,2,915750,50,2021-10-21 10:31:08
30303133,1634801469,1,-56,1,916250,70,2021-10-21 10:31:09
30303138,1634801469,1,-62,1,909750,137,2021-10-21 10:31:09
30303132,1634801470,1,-70,1,909750,61,2021-10-21 10:31:10
30303231,1634801471,1,-70,2,916750,36,2021-10-21 10:31:11
30303133,1634801471,1,-56,1,917250,47,2021-10-21 10:31:11
30303138,1634801472,1,-62,2,917750,28,2021-10-21 10:31:12
30303032,1634801472,1,-60,1,905250,61,2021-10-21 10:31:12
30303231,1634801472,1,-72,2,913750,101,2021-10-21 10:31:12
30303133,1634801473,1,-57,1,927250,115,2021-10-21 10:31:13
30303032,1634801473,1,-70,1,927250,5,2021-10-21 10:31:13
30303138,1634801474,1,-59,2,904250,112,2021-10-21 10:31:14
30303231,1634801474,1,-70,2,919750,137,2021-10-21 10:31:14
30303133,1634801474,1,-59,1,907250,165,2021-10-21 10:31:14
30303231,1634801476,1,-70,2,920750,104,2021-10-21 10:31:16
30303138,1634801476,1,-60,1,906750,53,2021-10-21 10:31:16
30303133,1634801477,1,-58,1,926750,123,2021-10-21 10:31:17
30303032,1634801477,1,-65,1,926750,118,2021-10-21 10:31:17
30303231,1634801478,1,-71,2,916750,19,2021-10-21 10:31:18
30303138,1634801478,1,-62,2,909750,157,2021-10-21 10:31:18
30303231,1634801480,1,-69,2,916250,16,2021-10-21 10:31:20
30303133,1634801480,1,-58,1,922750,30,2021-10-21 10:31:20
30303032,1634801481,1,-62,1,902750,53,2021-10-21 10:31:21
30303138,1634801481,1,-62,2,913250,95,2021-10-21 10:31:21
30303133,1634801481,1,-57,1,909750,101,2021-10-21 10:31:21
30303231,1634801482,1,-70,2,909250,25,2021-10-21 10:31:22
30303133,1634801483,1,-57,1,927250,95,2021-10-21 10:31:23
30303138,1634801483,1,-65,1,907250,45,2021-10-21 10:31:23
30303231,1634801483,1,-67,2,914750,56,2021-10-21 10:31:23
30303933,1634801484,1,-63,2,912250,112,2021-10-21 10:31:24
30303132,1634801484,1,-68,1,918750,45,2021-10-21 10:31:24
30303133,1634801485,1,-57,1,909250,149,2021-10-21 10:31:25
30303032,1634801485,1,-61,1,907750,177,2021-10-21 10:31:25
30303132,1634801485,1,-69,1,918750,33,2021-10-21 10:31:25
30303138,1634801485,1,-62,1,918750,84,2021-10-21 10:31:25
30303933,1634801486,1,-57,1,922750,163,2021-10-21 10:31:26
30303033,1634801486,1,-79,1,908750,106,2021-10-21 10:31:26
30303133,1634801486,1,-55,1,915750,171,2021-10-21 10:31:26
30303032,1634801486,1,-59,1,903250,135,2021-10-21 10:31:26
30303231,1634801486,1,-74,2,908250,149,2021-10-21 10:31:26
30303933,1634801487,1,-64,2,912250,157,2021-10-21 10:31:27
30303032,1634801487,1,-57,1,903750,151,2021-10-21 10:31:27
30303933,1634801487,1,-62,2,919750,73,2021-10-21 10:31:27
30303138,1634801488,1,-62,1,909250,129,2021-10-21 10:31:28
30303231,1634801488,1,-74,2,924250,45,2021-10-21 10:31:28
30303133,1634801489,1,-57,1,927250,115,2021-10-21 10:31:29
30303231,1634801490,1,-70,2,923250,115,2021-10-21 10:31:30
30303138,1634801490,1,-64,1,904750,129,2021-10-21 10:31:30
30303033,1634801490,1,-78,1,916250,126,2021-10-21 10:31:30
30303132,1634801490,1,-68,1,911750,70,2021-10-21 10:31:30
30303231,1634801491,1,-68,2,918250,5,2021-10-21 10:31:31
30303132,1634801492,1,-70,1,903750,174,2021-10-21 10:31:32
30303138,1634801492,1,-62,1,903250,42,2021-10-21 10:31:32
30303133,1634801492,1,-62,1,906750,135,2021-10-21 10:31:32
30313031,1634801493,1,-80,1,906750,149,2021-10-21 10:31:33
30303231,1634801493,1,-70,2,922750,98,2021-10-21 10:31:33
30303133,1634801494,1,-57,1,924250,42,2021-10-21 10:31:34
30303138,1634801495,1,-63,2,926750,45,2021-10-21 10:31:35
30303231,1634801495,1,-72,2,917250,50,2021-10-21 10:31:35
30303132,1634801495,1,-69,1,914750,45,2021-10-21 10:31:35
30303133,1634801496,1,-57,1,926250,146,2021-10-21 10:31:36
30303231,1634801497,1,-70,2,920250,135,2021-10-21 10:31:37
30303132,1634801497,1,-69,1,914750,56,2021-10-21 10:31:37
30303138,1634801497,1,-62,2,919250,70,2021-10-21 10:31:37
30303133,1634801498,1,-57,1,925750,154,2021-10-21 10:31:38
30303132,1634801498,1,-70,1,908750,115,2021-10-21 10:31:38
30303231,1634801498,1,-71,2,917750,30,2021-10-21 10:31:38
30303032,1634801499,1,-66,1,918750,123,2021-10-21 10:31:39
30303138,1634801499,1,-64,2,916250,135,2021-10-21 10:31:39
30303231,1634801500,1,-71,2,923250,75,2021-10-21 10:31:40
30303133,1634801500,1,-61,1,911250,42,2021-10-21 10:31:40
30303032,1634801501,1,-66,1,903750,70,2021-10-21 10:31:41
30303034,1634801501,1,-64,1,919750,104,2021-10-21 10:31:41
30303138,1634801501,1,-61,2,924250,104,2021-10-21 10:31:41
30303231,1634801502,1,-70,2,923250,50,2021-10-21 10:31:42
30303133,1634801502,1,-57,1,915250,98,2021-10-21 10:31:42
30303032,1634801502,1,-60,1,903750,14,2021-10-21 10:31:42
30303032,1634801503,1,-66,1,923750,45,2021-10-21 10:31:43
30303231,1634801503,1,-70,2,912750,140,2021-10-21 10:31:43
30303133,1634801503,1,-53,1,916750,56,2021-10-21 10:31:43
30303138,1634801504,1,-62,2,910750,160,2021-10-21 10:31:44
30303032,1634801504,1,-70,1,925750,165,2021-10-21 10:31:44
30303231,1634801505,1,-71,2,913750,112,2021-10-21 10:31:45
30303133,1634801505,1,-57,1,925250,135,2021-10-21 10:31:45
30303132,1634801506,1,-70,1,902750,154,2021-10-21 10:31:46
30303138,1634801506,1,-59,1,902750,11,2021-10-21 10:31:46
30303034,1634801506,1,-62,1,923250,101,2021-10-21 10:31:46
30303231,1634801507,1,-70,2,922750,64,2021-10-21 10:31:47
30303133,1634801507,1,-57,1,904250,92,2021-10-21 10:31:47
30303132,1634801507,1,-72,1,905250,104,2021-10-21 10:31:47
30303034,1634801508,1,-62,1,921750,157,2021-10-21 10:31:48
30303138,1634801508,1,-62,2,917250,53,2021-10-21 10:31:48
30303133,1634801508,1,-55,1,911750,47,2021-10-21 10:31:48
30303231,1634801508,1,-70,2,920250,146,2021-10-21 10:31:48
30303133,1634801510,1,-54,1,922250,25,2021-10-21 10:31:50
30303231,1634801510,1,-68,2,919250,168,2021-10-21 10:31:50
30303138,1634801510,1,-65,1,912250,78,2021-10-21 10:31:50
30303032,1634801511,1,-60,1,922250,104,2021-10-21 10:31:51
30303032,1634801512,1,-51,1,905750,30,2021-10-21 10:31:52
30303138,1634801513,1,-62,2,906250,42,2021-10-21 10:31:53
30303032,1634801513,1,-56,1,902750,135,2021-10-21 10:31:53
30303231,1634801514,1,-70,2,916250,28,2021-10-21 10:31:54
30303032,1634801514,1,-56,1,927250,160,2021-10-21 10:31:54
30303138,1634801515,1,-66,2,905250,11,2021-10-21 10:31:55
30303032,1634801515,1,-60,1,926750,151,2021-10-21 10:31:55
30303032,1634801516,1,-53,1,919250,104,2021-10-21 10:31:56
30303032,1634801517,1,-53,1,919750,87,2021-10-21 10:31:57
30303138,1634801517,1,-72,2,909250,87,2021-10-21 10:31:57
30303032,1634801518,1,-56,1,926250,8,2021-10-21 10:31:58
30303032,1634801519,1,-55,1,908250,11,2021-10-21 10:31:59
30303138,1634801519,1,-74,2,921250,137,2021-10-21 10:31:59
30303032,1634801520,1,-60,1,924250,92,2021-10-21 10:32:00
30303138,1634801522,1,-66,1,914750,39,2021-10-21 10:32:02
30303032,1634801522,1,-56,1,924250,132,2021-10-21 10:32:02
30303032,1634801523,1,-57,1,924750,143,2021-10-21 10:32:03
30303138,1634801524,1,-71,1,916750,171,2021-10-21 10:32:04
30303032,1634801525,1,-60,1,924750,87,2021-10-21 10:32:05
30303138,1634801526,1,-71,1,908250,177,2021-10-21 10:32:06
30303231,1634801527,1,-71,2,921250,95,2021-10-21 10:32:07
30303033,1634801527,1,-76,2,920250,33,2021-10-21 10:32:07
30303133,1634801528,1,-57,1,919250,143,2021-10-21 10:32:08
30303138,1634801528,1,-63,1,910750,129,2021-10-21 10:32:08
30303933,1634801529,1,-60,2,911750,73,2021-10-21 10:32:09
30303231,1634801529,1,-74,2,927250,118,2021-10-21 10:32:09
30303133,1634801529,1,-57,1,908250,126,2021-10-21 10:32:09
30303036,1634801529,1,-62,1,902750,70,2021-10-21 10:32:09
30303931,1634801529,1,-65,2,918250,177,2021-10-21 10:32:09
30303933,1634801530,1,-69,1,923250,137,2021-10-21 10:32:10
30313038,1634801530,1,-69,2,923250,30,2021-10-21 10:32:10
30303032,1634801530,1,-57,1,923750,73,2021-10-21 10:32:10
30313130,1634801530,1,-67,2,926250,165,2021-10-21 10:32:10
30303931,1634801530,1,-64,2,909750,59,2021-10-21 10:32:10
30313031,1634801530,1,-63,2,919750,75,2021-10-21 10:32:10
30303933,1634801530,1,-54,2,919750,25,2021-10-21 10:32:10
30303931,1634801531,1,-63,2,910250,25,2021-10-21 10:32:11
30303138,1634801531,1,-62,2,908250,22,2021-10-21 10:32:11
30303133,1634801531,1,-56,1,919250,104,2021-10-21 10:32:11
30303933,1634801531,1,-57,2,913250,70,2021-10-21 10:32:11
30313033,1634801531,1,-66,2,921250,70,2021-10-21 10:32:11
30313133,1634801532,1,-66,2,926750,45,2021-10-21 10:32:12
30303231,1634801532,1,-76,2,915750,56,2021-10-21 10:32:12
30303133,1634801533,1,-58,1,917750,154,2021-10-21 10:32:13
30303138,1634801533,1,-61,1,926750,75,2021-10-21 10:32:13
30303033,1634801534,1,-74,1,903250,11,2021-10-21 10:32:14
30303231,1634801534,1,-73,2,908250,165,2021-10-21 10:32:14
30303133,1634801534,1,-57,1,906750,5,2021-10-21 10:32:14
30303138,1634801535,1,-61,1,919250,25,2021-10-21 10:32:15
30303133,1634801536,1,-57,1,913250,30,2021-10-21 10:32:16
30303231,1634801536,1,-76,2,922250,33,2021-10-21 10:32:16
30303133,1634801537,1,-54,1,918750,177,2021-10-21 10:32:17
30303138,1634801538,1,-58,1,922750,101,2021-10-21 10:32:18
30303231,1634801538,1,-66,1,908750,101,2021-10-21 10:32:18
30303133,1634801539,1,-57,1,915250,154,2021-10-21 10:32:19
30303231,1634801540,1,-70,1,914250,140,2021-10-21 10:32:20
30303138,1634801540,1,-63,1,922750,115,2021-10-21 10:32:20
30303133,1634801540,1,-57,1,922750,70,2021-10-21 10:32:20
30303932,1634801541,1,-68,1,920250,95,2021-10-21 10:32:21
30303133,1634801542,1,-56,1,917250,39,2021-10-21 10:32:22
30303138,1634801543,1,-62,1,906750,171,2021-10-21 10:32:23
30303133,1634801544,1,-57,1,906250,33,2021-10-21 10:32:24
30303032,1634801544,1,-57,1,927250,73,2021-10-21 10:32:24
30303933,1634801544,1,-62,2,922250,171,2021-10-21 10:32:24
30303033,1634801544,1,-77,2,918250,25,2021-10-21 10:32:24
30303138,1634801545,1,-65,2,903750,14,2021-10-21 10:32:25
30303133,1634801545,1,-57,1,922250,42,2021-10-21 10:32:25
30303034,1634801547,1,-62,1,925750,157,2021-10-21 10:32:27
30303133,1634801547,1,-56,1,925750,75,2021-10-21 10:32:27
30303032,1634801547,1,-61,1,924250,25,2021-10-21 10:32:27
30303138,1634801547,1,-62,1,923250,151,2021-10-21 10:32:27
30303032,1634801548,1,-59,1,925250,104,2021-10-21 10:32:28
30303133,1634801548,1,-56,1,924750,135,2021-10-21 10:32:28
30303034,1634801548,1,-62,1,924250,67,2021-10-21 10:32:28
30303138,1634801550,1,-64,2,920250,120,2021-10-21 10:32:30
30303133,1634801550,1,-57,1,924750,129,2021-10-21 10:32:30
30303034,1634801550,1,-59,1,923750,104,2021-10-21 10:32:30
30303032,1634801551,1,-60,1,926750,14,2021-10-21 10:32:31
30303133,1634801551,1,-55,1,915750,42,2021-10-21 10:32:31
30303138,1634801552,1,-62,2,905750,42,2021-10-21 10:32:32
30303033,1634801552,1,-75,2,916750,84,2021-10-21 10:32:32
30303034,1634801552,1,-61,1,927250,157,2021-10-21 10:32:32
30303133,1634801553,1,-56,1,919250,104,2021-10-21 10:32:33
30303138,1634801554,1,-58,2,924750,171,2021-10-21 10:32:34
30303034,1634801554,1,-62,1,924250,90,2021-10-21 10:32:34
30303133,1634801554,1,-57,1,924250,143,2021-10-21 10:32:34
30303133,1634801556,1,-57,1,917750,171,2021-10-21 10:32:36
30303034,1634801556,1,-60,1,926250,33,2021-10-21 10:32:36
30303138,1634801556,1,-57,2,926750,14,2021-10-21 10:32:36
30303032,1634801557,1,-62,1,920750,177,2021-10-21 10:32:37
30303033,1634801557,1,-81,2,920250,126,2021-10-21 10:32:37
30303133,1634801558,1,-56,1,912250,14,2021-10-21 10:32:38
30303034,1634801559,1,-61,1,924250,104,2021-10-21 10:32:39
30303138,1634801559,1,-62,1,924250,61,2021-10-21 10:32:39
30303932,1634801559,1,-67,1,902750,90,2021-10-21 10:32:39
30303133,1634801559,1,-57,1,905250,64,2021-10-21 10:32:39
30313132,1634801559,1,-78,1,915250,132,2021-10-21 10:32:39
30303034,1634801561,1,-62,1,921250,25,2021-10-21 10:32:41
30303133,1634801561,1,-57,1,915250,106,2021-10-21 10:32:41
30303138,1634801561,1,-63,2,925250,143,2021-10-21 10:32:41
30303032,1634801562,1,-57,1,923750,47,2021-10-21 10:32:42
30303133,1634801562,1,-56,1,911250,39,2021-10-21 10:32:42
30303034,1634801563,1,-60,1,927250,11,2021-10-21 10:32:43
30303933,1634801563,1,-63,2,914750,14,2021-10-21 10:32:43
30303932,1634801563,1,-66,1,903250,67,2021-10-21 10:32:43
30303138,1634801563,1,-59,2,924250,70,2021-10-21 10:32:43
30303933,1634801564,1,-55,2,916750,160,2021-10-21 10:32:44
30303133,1634801564,1,-52,1,913750,109,2021-10-21 10:32:44
30303032,1634801564,1,-56,1,919750,25,2021-10-21 10:32:44
30303933,1634801565,1,-58,2,919250,177,2021-10-21 10:32:45
30303034,1634801565,1,-61,1,924250,129,2021-10-21 10:32:45
30303932,1634801565,1,-64,1,902750,70,2021-10-21 10:32:45
30303032,1634801565,1,-57,1,926250,137,2021-10-21 10:32:45
30303133,1634801566,1,-53,1,916250,67,2021-10-21 10:32:46
30303933,1634801566,1,-61,2,922750,106,2021-10-21 10:32:46
30303138,1634801566,1,-61,2,922750,78,2021-10-21 10:32:46
30303032,1634801566,1,-57,1,924250,70,2021-10-21 10:32:46
30303033,1634801566,1,-77,1,917750,115,2021-10-21 10:32:46
30303034,1634801567,1,-57,1,918750,149,2021-10-21 10:32:47
30303032,1634801567,1,-57,1,922750,160,2021-10-21 10:32:47
30303133,1634801567,1,-56,1,922750,171,2021-10-21 10:32:47
30303933,1634801567,1,-63,1,919750,70,2021-10-21 10:32:47
30303138,1634801568,1,-63,2,914250,5,2021-10-21 10:32:48
30303032,1634801568,1,-56,1,923250,123,2021-10-21 10:32:48
30303933,1634801568,1,-62,1,912750,25,2021-10-21 10:32:48
30303133,1634801569,1,-56,1,909750,92,2021-10-21 10:32:49
30303034,1634801569,1,-63,1,911750,42,2021-10-21 10:32:49
30303032,1634801569,1,-58,1,922250,154,2021-10-21 10:32:49
30303932,1634801569,1,-66,1,902750,123,2021-10-21 10:32:49
30303032,1634801570,1,-62,1,926250,42,2021-10-21 10:32:50
30303138,1634801570,1,-60,2,922750,104,2021-10-21 10:32:50
30303133,1634801570,1,-61,1,903750,73,2021-10-21 10:32:50
30303034,1634801571,1,-57,1,924750,104,2021-10-21 10:32:51
30303133,1634801572,1,-57,1,909750,67,2021-10-21 10:32:52
30303032,1634801572,1,-61,1,919750,115,2021-10-21 10:32:52
30303033,1634801572,1,-76,2,919750,177,2021-10-21 10:32:52
30303138,1634801572,1,-60,2,924250,45,2021-10-21 10:32:52
30303034,1634801573,1,-61,1,913250,165,2021-10-21 10:32:53
30303032,1634801573,1,-62,1,922750,132,2021-10-21 10:32:53
30303133,1634801573,1,-57,1,906250,160,2021-10-21 10:32:53
30303032,1634801574,1,-58,1,918250,157,2021-10-21 10:32:54
30303034,1634801574,1,-62,1,910750,61,2021-10-21 10:32:54
30303138,1634801575,1,-66,2,909750,135,2021-10-21 10:32:55
30303133,1634801575,1,-56,1,927250,25,2021-10-21 10:32:55
30303032,1634801575,1,-58,1,920250,75,2021-10-21 10:32:55
30303032,1634801576,1,-59,1,915250,106,2021-10-21 10:32:56
30303132,1634801576,1,-70,1,909750,84,2021-10-21 10:32:56
30303133,1634801576,1,-57,1,920750,73,2021-10-21 10:32:56
30303034,1634801576,1,-56,1,920750,101,2021-10-21 10:32:56
30303032,1634801576,1,-58,1,925750,87,2021-10-21 10:32:56
30303138,1634801577,1,-67,1,912250,132,2021-10-21 10:32:57
30303032,1634801577,1,-60,1,921750,0,2021-10-21 10:32:57
30303133,1634801578,1,-56,1,914750,95,2021-10-21 10:32:58
30303034,1634801578,1,-57,1,917750,2,2021-10-21 10:32:58
30303032,1634801579,1,-62,1,921750,171,2021-10-21 10:32:59
30303138,1634801579,1,-76,1,919750,109,2021-10-21 10:32:59
30303133,1634801580,1,-55,1,910250,61,2021-10-21 10:33:00
30303034,1634801580,1,-57,1,916750,42,2021-10-21 10:33:00
30303032,1634801580,1,-60,1,916250,22,2021-10-21 10:33:00
30303133,1634801581,1,-57,1,924250,109,2021-10-21 10:33:01
30303032,1634801581,1,-59,1,917750,154,2021-10-21 10:33:01
30303138,1634801582,1,-62,2,918750,171,2021-10-21 10:33:02
30303032,1634801582,1,-57,1,919750,53,2021-10-21 10:33:02
30303034,1634801582,1,-59,1,919750,101,2021-10-21 10:33:02
30303133,1634801583,1,-56,1,914250,42,2021-10-21 10:33:03
30303032,1634801583,1,-57,1,923750,92,2021-10-21 10:33:03
30303138,1634801584,1,-70,1,909250,5,2021-10-21 10:33:04
30303034,1634801584,1,-58,1,919250,132,2021-10-21 10:33:04
30303133,1634801584,1,-61,1,906750,137,2021-10-21 10:33:04
30303133,1634801586,1,-57,1,915750,90,2021-10-21 10:33:06
30303034,1634801586,1,-58,1,915250,45,2021-10-21 10:33:06
30303138,1634801586,1,-63,1,926750,56,2021-10-21 10:33:06
30303133,1634801587,1,-54,1,914250,109,2021-10-21 10:33:07
30303034,1634801588,1,-64,1,903750,78,2021-10-21 10:33:08
30303133,1634801589,1,-57,1,918250,81,2021-10-21 10:33:09
30303138,1634801589,1,-69,1,923750,151,2021-10-21 10:33:09
30303033,1634801589,1,-76,2,916250,160,2021-10-21 10:33:09
30303034,1634801590,1,-61,1,915750,64,2021-10-21 10:33:10
30303133,1634801590,1,-57,1,913250,154,2021-10-21 10:33:10
30303033,1634801591,1,-76,2,919750,28,2021-10-21 10:33:11
30303138,1634801591,1,-65,1,907250,120,2021-10-21 10:33:11
30303034,1634801592,1,-57,1,923750,135,2021-10-21 10:33:12
30303133,1634801592,1,-55,1,918750,132,2021-10-21 10:33:12
30303138,1634801593,1,-75,1,921250,5,2021-10-21 10:33:13
30303133,1634801593,1,-57,1,905750,157,2021-10-21 10:33:13
30303034,1634801594,1,-59,1,916250,53,2021-10-21 10:33:14
30303033,1634801594,1,-73,2,917250,70,2021-10-21 10:33:14
30303133,1634801595,1,-55,1,916750,14,2021-10-21 10:33:15
30303032,1634801596,1,-57,1,920750,157,2021-10-21 10:33:16
30303138,1634801596,1,-61,2,920250,123,2021-10-21 10:33:16
30303034,1634801596,1,-61,1,914750,112,2021-10-21 10:33:16
30303032,1634801596,1,-56,1,916750,92,2021-10-21 10:33:16
30303133,1634801597,1,-54,1,921750,53,2021-10-21 10:33:17
30303033,1634801597,1,-81,2,921750,73,2021-10-21 10:33:17
30303032,1634801597,1,-57,1,919250,5,2021-10-21 10:33:17
30303138,1634801598,1,-58,2,905750,19,2021-10-21 10:33:18
30303133,1634801598,1,-57,1,925250,132,2021-10-21 10:33:18
30303032,1634801599,1,-59,1,922250,67,2021-10-21 10:33:19
30303034,1634801599,1,-63,1,917750,19,2021-10-21 10:33:19
30303033,1634801599,1,-77,2,918250,47,2021-10-21 10:33:19
30303032,1634801599,1,-57,1,926250,81,2021-10-21 10:33:19
30303132,1634801600,1,-68,1,916250,98,2021-10-21 10:33:20
30303133,1634801600,1,-53,1,916250,45,2021-10-21 10:33:20
30303138,1634801600,1,-63,1,909250,104,2021-10-21 10:33:20
30303032,1634801600,1,-57,1,915750,101,2021-10-21 10:33:20
30303034,1634801601,1,-63,1,907750,154,2021-10-21 10:33:21
30303033,1634801601,1,-77,2,917750,64,2021-10-21 10:33:21
30303032,1634801601,1,-60,1,922750,33,2021-10-21 10:33:21
30303133,1634801601,1,-53,1,922750,56,2021-10-21 10:33:21
30303032,1634801602,1,-55,1,917750,30,2021-10-21 10:33:22
30303138,1634801602,1,-59,2,921250,101,2021-10-21 10:33:22
30303034,1634801602,1,-61,1,904750,67,2021-10-21 10:33:22
30303133,1634801603,1,-53,1,909750,101,2021-10-21 10:33:23
30303032,1634801603,1,-58,1,927250,39,2021-10-21 10:33:23
30303032,1634801604,1,-55,1,918750,132,2021-10-21 10:33:24
30303034,1634801604,1,-62,1,906250,14,2021-10-21 10:33:24
30303133,1634801604,1,-54,1,906250,33,2021-10-21 10:33:24
30303138,1634801605,1,-64,1,909250,39,2021-10-21 10:33:25
30303032,1634801605,1,-57,1,920250,87,2021-10-21 10:33:25
30313038,1634801605,1,-78,2,917750,92,2021-10-21 10:33:25
30303032,1634801606,1,-55,1,916750,33,2021-10-21 10:33:26
30303133,1634801606,1,-54,1,922250,75,2021-10-21 10:33:26
30303034,1634801606,1,-62,1,910250,73,2021-10-21 10:33:26
30303032,1634801606,1,-57,1,924250,135,2021-10-21 10:33:26
30303033,1634801607,1,-75,2,918750,59,2021-10-21 10:33:27
30303138,1634801607,1,-64,1,905750,129,2021-10-21 10:33:27
30303132,1634801607,1,-70,1,916750,118,2021-10-21 10:33:27
30303133,1634801608,1,-53,1,925750,123,2021-10-21 10:33:28
30303032,1634801609,1,-62,1,925250,137,2021-10-21 10:33:29
30303033,1634801609,1,-77,2,917250,168,2021-10-21 10:33:29
30303034,1634801609,1,-63,1,914750,132,2021-10-21 10:33:29
30303133,1634801609,1,-53,1,924750,109,2021-10-21 10:33:29
30303138,1634801609,1,-56,1,924750,154,2021-10-21 10:33:29
30303032,1634801609,1,-55,1,919250,143,2021-10-21 10:33:29
30303032,1634801610,1,-54,1,917250,42,2021-10-21 10:33:30
30303932,1634801610,1,-68,1,927250,115,2021-10-21 10:33:30
30303133,1634801611,1,-56,1,903250,101,2021-10-21 10:33:31
30303034,1634801611,1,-62,1,918250,36,2021-10-21 10:33:31
30303032,1634801611,1,-51,1,918250,11,2021-10-21 10:33:31
30303138,1634801612,1,-63,2,921750,64,2021-10-21 10:33:32
30303033,1634801612,1,-79,2,916250,25,2021-10-21 10:33:32
30303032,1634801612,1,-57,1,927250,19,2021-10-21 10:33:32
30303133,1634801612,1,-52,1,914250,101,2021-10-21 10:33:32
30303032,1634801613,1,-55,1,921250,42,2021-10-21 10:33:33
30303034,1634801613,1,-63,1,913750,165,2021-10-21 10:33:33
30303033,1634801613,1,-75,2,916250,61,2021-10-21 10:33:33
30303032,1634801614,1,-54,1,915750,70,2021-10-21 10:33:34
30303138,1634801614,1,-59,2,902750,95,2021-10-21 10:33:34
30303133,1634801614,1,-54,1,906750,42,2021-10-21 10:33:34
30303032,1634801615,1,-55,1,913750,132,2021-10-21 10:33:35
30303034,1634801615,1,-63,1,916250,84,2021-10-21 10:33:35
30303933,1634801615,1,-65,2,922750,104,2021-10-21 10:33:35
30303032,1634801615,1,-52,1,924250,106,2021-10-21 10:33:35
30303933,1634801616,1,-58,2,906750,45,2021-10-21 10:33:36
30303133,1634801616,1,-57,1,912250,5,2021-10-21 10:33:36
30303138,1634801616,1,-70,1,910750,2,2021-10-21 10:33:36
30303032,1634801616,1,-51,1,916250,2,2021-10-21 10:33:36
30303933,1634801616,1,-64,2,917250,75,2021-10-21 10:33:36
30303034,1634801617,1,-63,1,914750,129,2021-10-21 10:33:37
30303032,1634801617,1,-54,1,917750,135,2021-10-21 10:33:37
30303133,1634801617,1,-57,1,918250,165,2021-10-21 10:33:37
30303933,1634801617,1,-65,1,923750,129,2021-10-21 10:33:37
30303032,1634801618,1,-57,1,922250,151,2021-10-21 10:33:38
30303933,1634801618,1,-64,1,920750,25,2021-10-21 10:33:38
30303138,1634801618,1,-63,1,908250,45,2021-10-21 10:33:38
30303133,1634801619,1,-61,1,905250,59,2021-10-21 10:33:39
30303032,1634801619,1,-57,1,926250,33,2021-10-21 10:33:39
30303933,1634801619,1,-65,1,921250,33,2021-10-21 10:33:39
30303032,1634801620,1,-57,1,920250,33,2021-10-21 10:33:40
30303933,1634801620,1,-62,1,920250,64,2021-10-21 10:33:40
30303133,1634801620,1,-56,1,905250,64,2021-10-21 10:33:40
30303933,1634801621,1,-57,2,911250,39,2021-10-21 10:33:41
30303032,1634801621,1,-57,1,916750,19,2021-10-21 10:33:41
30303138,1634801621,1,-64,1,916750,154,2021-10-21 10:33:41
30303033,1634801621,1,-71,2,919250,78,2021-10-21 10:33:41
30303032,1634801622,1,-57,1,924250,109,2021-10-21 10:33:42
30303133,1634801622,1,-50,1,926250,95,2021-10-21 10:33:42
30303933,1634801622,1,-62,2,922750,135,2021-10-21 10:33:42
30303032,1634801623,1,-58,1,920750,56,2021-10-21 10:33:43
30303138,1634801623,1,-64,1,924250,174,2021-10-21 10:33:43
30303933,1634801623,1,-64,2,921250,2,2021-10-21 10:33:43
30303133,1634801624,1,-57,1,904750,75,2021-10-21 10:33:44
30303032,1634801624,1,-60,1,911750,143,2021-10-21 10:33:44
30303933,1634801624,1,-62,1,924750,92,2021-10-21 10:33:44
30303032,1634801625,1,-63,1,926250,39,2021-10-21 10:33:45
30303133,1634801625,1,-51,1,921750,67,2021-10-21 10:33:45
30303138,1634801625,1,-74,2,917250,165,2021-10-21 10:33:45
30303034,1634801625,1,-62,1,919750,5,2021-10-21 10:33:45
30303032,1634801626,1,-57,1,924750,104,2021-10-21 10:33:46
30303933,1634801626,1,-64,2,923750,42,2021-10-21 10:33:46
30303032,1634801627,1,-64,1,921750,2,2021-10-21 10:33:47
30303133,1634801627,1,-50,1,925250,135,2021-10-21 10:33:47
30303933,1634801627,1,-62,2,909250,120,2021-10-21 10:33:47
30303032,1634801627,1,-56,1,910250,45,2021-10-21 10:33:47
30303033,1634801628,1,-77,1,917750,67,2021-10-21 10:33:48
30303034,1634801628,1,-62,1,917750,64,2021-10-21 10:33:48
30303138,1634801628,1,-63,2,906750,140,2021-10-21 10:33:48
30303933,1634801628,1,-66,2,915250,25,2021-10-21 10:33:48
30303133,1634801628,1,-53,1,916250,70,2021-10-21 10:33:48
30303032,1634801628,1,-59,1,904250,47,2021-10-21 10:33:48
30303933,1634801629,1,-62,2,915750,171,2021-10-21 10:33:49
30303032,1634801629,1,-57,1,923250,104,2021-10-21 10:33:49
30303132,1634801630,1,-69,1,916750,45,2021-10-21 10:33:50
30303933,1634801630,1,-61,2,913750,19,2021-10-21 10:33:50
30303133,1634801630,1,-59,1,904250,70,2021-10-21 10:33:50
30303138,1634801630,1,-62,1,909750,70,2021-10-21 10:33:50
30303933,1634801631,1,-62,2,907750,135,2021-10-21 10:33:51
30303032,1634801631,1,-57,1,917750,112,2021-10-21 10:33:51
30303033,1634801631,1,-81,2,913250,25,2021-10-21 10:33:51
30303034,1634801631,1,-62,1,912750,19,2021-10-21 10:33:51
30303933,1634801631,1,-62,2,903750,25,2021-10-21 10:33:51
30303133,1634801631,1,-53,1,911750,39,2021-10-21 10:33:51
30303032,1634801632,1,-61,1,924750,42,2021-10-21 10:33:52
30303933,1634801632,1,-64,2,923750,33,2021-10-21 10:33:52
30303033,1634801632,1,-69,2,918750,171,2021-10-21 10:33:52
30303138,1634801632,1,-65,1,905750,16,2021-10-21 10:33:52
30303032,1634801633,1,-59,1,916750,64,2021-10-21 10:33:53
30303034,1634801633,1,-64,1,909750,19,2021-10-21 10:33:53
30303933,1634801633,1,-64,2,909250,115,2021-10-21 10:33:53
30303032,1634801633,1,-57,1,910250,98,2021-10-21 10:33:53
30303033,1634801634,1,-71,2,918250,146,2021-10-21 10:33:54
30303933,1634801634,1,-62,2,911250,67,2021-10-21 10:33:54
30303032,1634801634,1,-57,1,913750,101,2021-10-21 10:33:54
30303034,1634801635,1,-58,1,920250,75,2021-10-21 10:33:55
30303138,1634801635,1,-68,1,908750,95,2021-10-21 10:33:55
30303933,1634801635,1,-64,2,908250,123,2021-10-21 10:33:55
30303933,1634801635,1,-64,2,908250,126,2021-10-21 10:33:55
30303032,1634801635,1,-57,1,914250,53,2021-10-21 10:33:55
30303033,1634801635,1,-79,2,902750,14,2021-10-21 10:33:55
30303032,1634801636,1,-57,1,922750,84,2021-10-21 10:33:56
30303933,1634801636,1,-67,2,919750,112,2021-10-21 10:33:56
30303033,1634801636,1,-75,2,914750,143,2021-10-21 10:33:56
30303032,1634801637,1,-56,1,918250,70,2021-10-21 10:33:57
30303034,1634801637,1,-59,1,918250,129,2021-10-21 10:33:57
30303933,1634801637,1,-65,2,926250,165,2021-10-21 10:33:57
30303138,1634801637,1,-64,1,911250,146,2021-10-21 10:33:57
30303032,1634801637,1,-58,1,927250,2,2021-10-21 10:33:57
30303033,1634801637,1,-78,2,922250,171,2021-10-21 10:33:57
30303032,1634801638,1,-57,1,915250,67,2021-10-21 10:33:58
30303033,1634801639,1,-78,1,917250,98,2021-10-21 10:33:59
30303933,1634801639,1,-68,2,925750,177,2021-10-21 10:33:59
30303138,1634801639,1,-71,1,915750,92,2021-10-21 10:33:59
30303032,1634801639,1,-55,1,915750,5,2021-10-21 10:33:59
30303033,1634801640,1,-68,2,916750,84,2021-10-21 10:34:00
30303032,1634801640,1,-56,1,910750,8,2021-10-21 10:34:00
30303032,1634801641,1,-62,1,918250,123,2021-10-21 10:34:01
30303933,1634801641,1,-66,2,926250,171,2021-10-21 10:34:01
30303132,1634801641,1,-70,1,911250,174,2021-10-21 10:34:01
30303138,1634801641,1,-74,2,921750,78,2021-10-21 10:34:01
30303032,1634801642,1,-60,1,927250,11,2021-10-21 10:34:02
30303033,1634801642,1,-72,2,920750,67,2021-10-21 10:34:02
30303032,1634801643,1,-57,1,918750,132,2021-10-21 10:34:03
30303033,1634801643,1,-73,2,916250,87,2021-10-21 10:34:03
30303933,1634801643,1,-65,2,925750,5,2021-10-21 10:34:03
30303032,1634801644,1,-57,1,920250,84,2021-10-21 10:34:04
30303032,1634801644,1,-58,1,926750,39,2021-10-21 10:34:04
30303138,1634801644,1,-67,2,925250,25,2021-10-21 10:34:04
30303032,1634801645,1,-57,1,919250,84,2021-10-21 10:34:05
30303933,1634801645,1,-66,2,924250,16,2021-10-21 10:34:05
30303133,1634801646,1,-59,1,923250,81,2021-10-21 10:34:06
30303034,1634801646,1,-62,1,921250,64,2021-10-21 10:34:06
30303032,1634801646,1,-57,1,913750,64,2021-10-21 10:34:06
30303933,1634801646,1,-63,2,909750,84,2021-10-21 10:34:06
30303138,1634801647,1,-62,1,915750,67,2021-10-21 10:34:07
30303032,1634801647,1,-60,1,914250,90,2021-10-21 10:34:07
30303033,1634801647,1,-69,2,917750,22,2021-10-21 10:34:07
30303133,1634801647,1,-57,1,913250,2,2021-10-21 10:34:07
30303933,1634801647,1,-66,2,926250,165,2021-10-21 10:34:07
30303032,1634801648,1,-57,1,917250,126,2021-10-21 10:34:08
30303034,1634801648,1,-61,1,917250,30,2021-10-21 10:34:08
30303933,1634801648,1,-66,2,914750,16,2021-10-21 10:34:08
30303032,1634801649,1,-54,1,918250,95,2021-10-21 10:34:09
30303133,1634801649,1,-52,1,923750,33,2021-10-21 10:34:09
30303138,1634801649,1,-66,2,916750,28,2021-10-21 10:34:09
30303933,1634801649,1,-64,2,926750,151,2021-10-21 10:34:09
30303032,1634801649,1,-55,1,919750,64,2021-10-21 10:34:09
30303034,1634801650,1,-61,1,914750,115,2021-10-21 10:34:10
30303033,1634801650,1,-70,2,915750,115,2021-10-21 10:34:10
30303933,1634801650,1,-62,2,907750,143,2021-10-21 10:34:10
30303133,1634801650,1,-51,1,912750,5,2021-10-21 10:34:10
30303032,1634801650,1,-57,1,912750,129,2021-10-21 10:34:10
30303933,1634801651,1,-65,2,927250,146,2021-10-21 10:34:11
30303032,1634801651,1,-53,1,925750,67,2021-10-21 10:34:11
30303138,1634801651,1,-68,1,924750,157,2021-10-21 10:34:11
30303034,1634801652,1,-63,1,906750,2,2021-10-21 10:34:12
30303933,1634801652,1,-60,2,905250,171,2021-10-21 10:34:12
30303133,1634801652,1,-55,1,918750,165,2021-10-21 10:34:12
30303032,1634801652,1,-53,1,915250,73,2021-10-21 10:34:12
30303933,1634801653,1,-62,2,925750,165,2021-10-21 10:34:13
30303032,1634801653,1,-56,1,919250,137,2021-10-21 10:34:13
30303033,1634801653,1,-69,2,917750,174,2021-10-21 10:34:13
30303133,1634801653,1,-53,1,915250,120,2021-10-21 10:34:13
30303933,1634801653,1,-61,2,904750,22,2021-10-21 10:34:13
30303034,1634801653,1,-60,1,911250,92,2021-10-21 10:34:13
30303138,1634801654,1,-64,2,916750,22,2021-10-21 10:34:14
30303032,1634801654,1,-55,1,922750,177,2021-10-21 10:34:14
30303032,1634801655,1,-54,1,918250,163,2021-10-21 10:34:15
30303933,1634801655,1,-63,2,926250,135,2021-10-21 10:34:15
30303133,1634801655,1,-54,1,911250,56,2021-10-21 10:34:15
30303033,1634801655,1,-71,2,916750,36,2021-10-21 10:34:15
30303034,1634801655,1,-62,1,906250,42,2021-10-21 10:34:15
30303032,1634801655,1,-55,1,919750,129,2021-10-21 10:34:15
30303933,1634801656,1,-62,2,909250,95,2021-10-21 10:34:16
30303138,1634801656,1,-59,2,924750,45,2021-10-21 10:34:16
30303032,1634801656,1,-54,1,923750,163,2021-10-21 10:34:16
30303133,1634801657,1,-53,1,911250,61,2021-10-21 10:34:17
30303933,1634801657,1,-62,2,916750,154,2021-10-21 10:34:17
30303032,1634801657,1,-54,1,920250,92,2021-10-21 10:34:17
30303034,1634801657,1,-57,1,915750,112,2021-10-21 10:34:17
30303933,1634801657,1,-63,2,903250,30,2021-10-21 10:34:17
30303833,1634801658,1,-70,2,921250,106,2021-10-21 10:34:18
30303138,1634801658,1,-64,2,915250,53,2021-10-21 10:34:18
30303032,1634801658,1,-54,1,916750,42,2021-10-21 10:34:18
30303133,1634801658,1,-50,1,916750,61,2021-10-21 10:34:18
30303933,1634801658,1,-62,2,925250,165,2021-10-21 10:34:18
30303032,1634801659,1,-57,1,903250,109,2021-10-21 10:34:19
30303933,1634801659,1,-62,2,917750,146,2021-10-21 10:34:19
30303034,1634801659,1,-56,1,918250,33,2021-10-21 10:34:19
30303133,1634801660,1,-53,1,913750,163,2021-10-21 10:34:20
30303032,1634801660,1,-54,1,922750,11,2021-10-21 10:34:20
30303933,1634801660,1,-63,2,919750,92,2021-10-21 10:34:20
30313036,1634801660,1,-68,2,919750,22,2021-10-21 10:34:20
30303033,1634801660,1,-74,2,919750,64,2021-10-21 10:34:20
30303138,1634801660,1,-59,2,909250,135,2021-10-21 10:34:20
30303032,1634801661,1,-52,1,917750,2,2021-10-21 10:34:21
30303933,1634801661,1,-62,2,918750,104,2021-10-21 10:34:21
30303034,1634801661,1,-57,1,921750,104,2021-10-21 10:34:21
30303133,1634801661,1,-53,1,925250,157,2021-10-21 10:34:21
30303032,1634801662,1,-55,1,919750,123,2021-10-21 10:34:22
30303933,1634801662,1,-61,2,908750,129,2021-10-21 10:34:22
30303138,1634801662,1,-57,2,918750,25,2021-10-21 10:34:22
30303032,1634801662,1,-55,1,918750,171,2021-10-21 10:34:22
30303933,1634801663,1,-62,2,916250,120,2021-10-21 10:34:23
30303133,1634801663,1,-54,1,922750,45,2021-10-21 10:34:23
30303034,1634801663,1,-55,1,927250,106,2021-10-21 10:34:23
30303032,1634801663,1,-56,1,920250,81,2021-10-21 10:34:23
30303033,1634801664,1,-79,2,908250,157,2021-10-21 10:34:24
30303933,1634801664,1,-64,2,917750,104,2021-10-21 10:34:24
30303032,1634801664,1,-56,1,926750,45,2021-10-21 10:34:24
30303133,1634801664,1,-56,1,903750,123,2021-10-21 10:34:24
30303933,1634801665,1,-63,2,919750,101,2021-10-21 10:34:25
30303138,1634801665,1,-57,2,920750,137,2021-10-21 10:34:25
30303032,1634801665,1,-54,1,919250,132,2021-10-21 10:34:25
30303034,1634801665,1,-56,1,919250,5,2021-10-21 10:34:25
30303931,1634801665,1,-66,2,912750,171,2021-10-21 10:34:25
30303933,1634801665,1,-60,2,912750,33,2021-10-21 10:34:25
30313033,1634801666,1,-68,2,925250,30,2021-10-21 10:34:26
30303032,1634801666,1,-52,1,922750,2,2021-10-21 10:34:26
30303133,1634801666,1,-53,1,911750,53,2021-10-21 10:34:26
30303933,1634801666,1,-62,2,909250,75,2021-10-21 10:34:26
30303032,1634801667,1,-55,1,917750,14,2021-10-21 10:34:27
30303034,1634801667,1,-57,1,923750,19,2021-10-21 10:34:27
30303138,1634801667,1,-62,2,912750,90,2021-10-21 10:34:27
30313033,1634801667,1,-66,2,926250,56,2021-10-21 10:34:27
30303033,1634801668,1,-77,1,917250,101,2021-10-21 10:34:28
30303933,1634801668,1,-67,2,909750,39,2021-10-21 10:34:28
30303032,1634801668,1,-55,1,903750,30,2021-10-21 10:34:28
30303133,1634801668,1,-55,1,906250,64,2021-10-21 10:34:28
30303933,1634801668,1,-62,2,923250,75,2021-10-21 10:34:28
30303032,1634801668,1,-57,1,913250,95,2021-10-21 10:34:28
30303034,1634801669,1,-63,1,910750,53,2021-10-21 10:34:29
30303032,1634801669,1,-55,1,927250,16,2021-10-21 10:34:29
30303133,1634801669,1,-49,1,927250,98,2021-10-21 10:34:29
30303138,1634801669,1,-57,2,927250,19,2021-10-21 10:34:29
30303933,1634801669,1,-61,2,927250,0,2021-10-21 10:34:29
30303931,1634801669,1,-66,2,920750,70,2021-10-21 10:34:29
30303931,1634801670,1,-64,2,912250,30,2021-10-21 10:34:30
30303032,1634801670,1,-56,1,923750,135,2021-10-21 10:34:30
30303230,1634801670,1,-70,2,912750,64,2021-10-21 10:34:30
30313033,1634801670,1,-70,2,916250,104,2021-10-21 10:34:30
30303933,1634801671,1,-62,2,911750,73,2021-10-21 10:34:31
30303034,1634801671,1,-58,1,927250,56,2021-10-21 10:34:31
30303133,1634801671,1,-51,1,927250,84,2021-10-21 10:34:31
30303032,1634801671,1,-56,1,920750,84,2021-10-21 10:34:31
30303138,1634801672,1,-66,1,923250,19,2021-10-21 10:34:32
30303032,1634801672,1,-56,1,916750,30,2021-10-21 10:34:32
30303933,1634801672,1,-57,2,907250,132,2021-10-21 10:34:32
30303133,1634801672,1,-51,1,920750,109,2021-10-21 10:34:32
30303034,1634801673,1,-63,1,908250,123,2021-10-21 10:34:33
30303032,1634801673,1,-53,1,924250,132,2021-10-21 10:34:33
30303933,1634801673,1,-67,1,921750,36,2021-10-21 10:34:33
30303032,1634801674,1,-57,1,919750,104,2021-10-21 10:34:34
30303138,1634801674,1,-66,1,922250,64,2021-10-21 10:34:34
30303133,1634801674,1,-51,1,914750,129,2021-10-21 10:34:34
30303933,1634801674,1,-64,2,908250,123,2021-10-21 10:34:34
30303034,1634801675,1,-63,1,905250,30,2021-10-21 10:34:35
30303032,1634801675,1,-57,1,912750,143,2021-10-21 10:34:35
30303032,1634801675,1,-55,1,920750,84,2021-10-21 10:34:35
30303133,1634801676,1,-54,1,908750,129,2021-10-21 10:34:36
30303138,1634801676,1,-60,2,905250,47,2021-10-21 10:34:36
30303032,1634801676,1,-53,1,921250,56,2021-10-21 10:34:36
30303034,1634801676,1,-61,1,921750,64,2021-10-21 10:34:36
30303032,1634801677,1,-52,1,924750,109,2021-10-21 10:34:37
30303133,1634801677,1,-51,1,924750,163,2021-10-21 10:34:37
30303032,1634801678,1,-53,1,926750,45,2021-10-21 10:34:38
30303138,1634801678,1,-63,1,906250,33,2021-10-21 10:34:38
30303034,1634801678,1,-60,1,919750,120,2021-10-21 10:34:38
30303133,1634801679,1,-54,1,910250,75,2021-10-21 10:34:39
30303032,1634801679,1,-55,1,924250,143,2021-10-21 10:34:39
30303032,1634801680,1,-56,1,919750,115,2021-10-21 10:34:40
30303034,1634801680,1,-61,1,924250,154,2021-10-21 10:34:40
30303133,1634801680,1,-51,1,924250,2,2021-10-21 10:34:40
30303138,1634801681,1,-63,2,913250,67,2021-10-21 10:34:41
30303032,1634801681,1,-58,1,912750,160,2021-10-21 10:34:41
30303032,1634801682,1,-53,1,920250,73,2021-10-21 10:34:42
30303133,1634801682,1,-53,1,907750,171,2021-10-21 10:34:42
30303034,1634801682,1,-62,1,921250,53,2021-10-21 10:34:42
30303032,1634801682,1,-57,1,911250,19,2021-10-21 10:34:42
30303138,1634801683,1,-64,1,927250,95,2021-10-21 10:34:43
30303032,1634801683,1,-54,1,924250,129,2021-10-21 10:34:43
30303133,1634801684,1,-51,1,912250,22,2021-10-21 10:34:44
30303034,1634801684,1,-63,1,904250,39,2021-10-21 10:34:44
30303032,1634801684,1,-57,1,911750,174,2021-10-21 10:34:44
30303133,1634801685,1,-53,1,905250,75,2021-10-21 10:34:45
30303138,1634801685,1,-70,1,905250,11,2021-10-21 10:34:45
30303032,1634801685,1,-53,1,923750,132,2021-10-21 10:34:45
30303034,1634801686,1,-63,1,909250,90,2021-10-21 10:34:46
30303032,1634801686,1,-54,1,920250,73,2021-10-21 10:34:46
30303133,1634801687,1,-49,1,918750,0,2021-10-21 10:34:47
30303032,1634801687,1,-55,1,926750,42,2021-10-21 10:34:47
30303138,1634801687,1,-69,1,907250,137,2021-10-21 10:34:47
30303032,1634801688,1,-54,1,919250,120,2021-10-21 10:34:48
30303034,1634801688,1,-62,1,902750,92,2021-10-21 10:34:48
30303133,1634801688,1,-53,1,905750,64,2021-10-21 10:34:48
30303032,1634801689,1,-57,1,916250,28,2021-10-21 10:34:49
30303032,1634801690,1,-57,1,918250,115,2021-10-21 10:34:50
30303138,1634801690,1,-63,1,918750,151,2021-10-21 10:34:50
30303034,1634801690,1,-62,1,915250,95,2021-10-21 10:34:50
30303133,1634801690,1,-50,1,915250,120,2021-10-21 10:34:50
30303032,1634801690,1,-61,1,906250,129,2021-10-21 10:34:50
30303032,1634801691,1,-54,1,913250,84,2021-10-21 10:34:51
30303133,1634801691,1,-57,1,911250,50,2021-10-21 10:34:51
30303034,1634801692,1,-60,1,917250,30,2021-10-21 10:34:52
30303032,1634801692,1,-55,1,922250,2,2021-10-21 10:34:52
30303138,1634801692,1,-60,2,907250,11,2021-10-21 10:34:52
30303032,1634801693,1,-57,1,916750,2,2021-10-21 10:34:53
30303133,1634801693,1,-53,1,921750,73,2021-10-21 10:34:53
30303032,1634801694,1,-57,1,908250,109,2021-10-21 10:34:54
30303034,1634801694,1,-62,1,917750,22,2021-10-21 10:34:54
30303138,1634801694,1,-57,2,926250,39,2021-10-21 10:34:54
30303133,1634801695,1,-53,1,910750,70,2021-10-21 10:34:55
30303032,1634801695,1,-56,1,922750,163,2021-10-21 10:34:55
30303032,1634801696,1,-55,1,918250,146,2021-10-21 10:34:56
30303034,1634801696,1,-64,1,911250,42,2021-10-21 10:34:56
30303133,1634801696,1,-52,1,917250,47,2021-10-21 10:34:56
30303032,1634801696,1,-57,1,927250,39,2021-10-21 10:34:56
30303138,1634801697,1,-64,1,909250,42,2021-10-21 10:34:57
30303033,1634801697,1,-75,1,918250,5,2021-10-21 10:34:57
30303032,1634801697,1,-57,1,921250,25,2021-10-21 10:34:57
30303034,1634801698,1,-57,1,922750,39,2021-10-21 10:34:58
30303133,1634801698,1,-53,1,909750,112,2021-10-21 10:34:58
30303032,1634801698,1,-60,1,914750,70,2021-10-21 10:34:58
30303138,1634801699,1,-65,1,905750,149,2021-10-21 10:34:59
30303032,1634801699,1,-57,1,926750,42,2021-10-21 10:34:59
30303133,1634801699,1,-53,1,909750,115,2021-10-21 10:34:59
30303034,1634801700,1,-56,1,920750,112,2021-10-21 10:35:00
30303032,1634801700,1,-57,1,924250,123,2021-10-21 10:35:00
30303033,1634801700,1,-75,1,917750,59,2021-10-21 10:35:00
30303133,1634801701,1,-51,1,919750,154,2021-10-21 10:35:01
30303032,1634801701,1,-57,1,919750,101,2021-10-21 10:35:01
30303138,1634801701,1,-63,1,925750,101,2021-10-21 10:35:01
30303034,1634801702,1,-57,1,917750,30,2021-10-21 10:35:02
30303032,1634801702,1,-56,1,926250,61,2021-10-21 10:35:02
30303133,1634801703,1,-53,1,920750,118,2021-10-21 10:35:03
30303032,1634801703,1,-55,1,924750,92,2021-10-21 10:35:03
30303138,1634801703,1,-62,2,911250,126,2021-10-21 10:35:03
30303034,1634801703,1,-57,1,916750,61,2021-10-21 10:35:03
30303032,1634801704,1,-55,1,921750,30,2021-10-21 10:35:04
30303133,1634801704,1,-51,1,914750,137,2021-10-21 10:35:04
30303032,1634801704,1,-57,1,924250,120,2021-10-21 10:35:04
30303032,1634801705,1,-55,1,919750,84,2021-10-21 10:35:05
30303034,1634801705,1,-57,1,922250,53,2021-10-21 10:35:05
30303138,1634801706,1,-61,2,915750,61,2021-10-21 10:35:06
30303133,1634801706,1,-54,1,910250,112,2021-10-21 10:35:06
30303032,1634801706,1,-56,1,926250,36,2021-10-21 10:35:06
30303032,1634801707,1,-54,1,914750,70,2021-10-21 10:35:07
30303133,1634801707,1,-51,1,919250,174,2021-10-21 10:35:07
30303034,1634801707,1,-57,1,914250,135,2021-10-21 10:35:07
30303138,1634801708,1,-58,2,916750,53,2021-10-21 10:35:08
30303032,1634801708,1,-54,1,916750,19,2021-10-21 10:35:08
30303032,1634801709,1,-55,1,924250,115,2021-10-21 10:35:09
30303133,1634801709,1,-57,1,902750,151,2021-10-21 10:35:09
30303034,1634801709,1,-61,1,905750,25,2021-10-21 10:35:09
30303032,1634801710,1,-54,1,919750,84,2021-10-21 10:35:10
30303138,1634801710,1,-61,2,903250,95,2021-10-21 10:35:10
30303133,1634801710,1,-53,1,912250,42,2021-10-21 10:35:10
30303032,1634801711,1,-54,1,926250,45,2021-10-21 10:35:11
30303034,1634801711,1,-57,1,911750,42,2021-10-21 10:35:11
30303032,1634801712,1,-56,1,914750,75,2021-10-21 10:35:12
30303133,1634801712,1,-56,1,905250,75,2021-10-21 10:35:12
30303032,1634801712,1,-55,1,916750,16,2021-10-21 10:35:12
30303138,1634801712,1,-62,2,910750,137,2021-10-21 10:35:12
30303034,1634801713,1,-60,1,908250,137,2021-10-21 10:35:13
30303032,1634801713,1,-54,1,924250,115,2021-10-21 10:35:13
30303133,1634801714,1,-50,1,926250,135,2021-10-21 10:35:14
30303032,1634801714,1,-53,1,917250,154,2021-10-21 10:35:14
30303138,1634801715,1,-59,2,902750,109,2021-10-21 10:35:15
30303032,1634801715,1,-55,1,918250,132,2021-10-21 10:35:15
30303034,1634801715,1,-55,1,918750,2,2021-10-21 10:35:15
30303133,1634801715,1,-53,1,915250,132,2021-10-21 10:35:15
30303032,1634801716,1,-57,1,927250,14,2021-10-21 10:35:16
30303032,1634801717,1,-57,1,926250,36,2021-10-21 10:35:17
30303133,1634801717,1,-51,1,916750,73,2021-10-21 10:35:17
30303138,1634801717,1,-57,2,922750,109,2021-10-21 10:35:17
30303034,1634801717,1,-60,1,904250,70,2021-10-21 10:35:17
30303032,1634801717,1,-56,1,914750,64,2021-10-21 10:35:17
30303032,1634801718,1,-55,1,916750,14,2021-10-21 10:35:18
30303133,1634801718,1,-49,1,925250,146,2021-10-21 10:35:18
30303034,1634801719,1,-57,1,924750,165,2021-10-21 10:35:19
30303032,1634801719,1,-57,1,908250,106,2021-10-21 10:35:19
30303138,1634801719,1,-64,2,907750,8,2021-10-21 10:35:19
30303032,1634801720,1,-55,1,925250,61,2021-10-21 10:35:20
30303133,1634801720,1,-52,1,916250,73,2021-10-21 10:35:20
30303032,1634801721,1,-55,1,914250,101,2021-10-21 10:35:21
30303033,1634801721,1,-74,1,902750,53,2021-10-21 10:35:21
30303034,1634801721,1,-58,1,912250,28,2021-10-21 10:35:21
30303138,1634801721,1,-70,1,916250,16,2021-10-21 10:35:21
30303133,1634801722,1,-55,1,904250,101,2021-10-21 10:35:22
30303032,1634801722,1,-58,1,909750,73,2021-10-21 10:35:22
30303033,1634801722,1,-79,2,908750,36,2021-10-21 10:35:22
30303032,1634801722,1,-56,1,912250,157,2021-10-21 10:35:22
30303034,1634801723,1,-57,1,921750,70,2021-10-21 10:35:23
30303133,1634801723,1,-52,1,911750,47,2021-10-21 10:35:23
30303032,1634801723,1,-54,1,919750,112,2021-10-21 10:35:23
30303138,1634801724,1,-63,2,907750,154,2021-10-21 10:35:24
30303032,1634801724,1,-55,1,926250,45,2021-10-21 10:35:24
30303133,1634801725,1,-50,1,922250,67,2021-10-21 10:35:25
30303034,1634801725,1,-57,1,920750,104,2021-10-21 10:35:25
30303032,1634801725,1,-56,1,924750,98,2021-10-21 10:35:25
30303032,1634801726,1,-54,1,925250,67,2021-10-21 10:35:26
30303138,1634801726,1,-60,2,909750,137,2021-10-21 10:35:26
30303133,1634801726,1,-50,1,920750,120,2021-10-21 10:35:26
30303032,1634801727,1,-56,1,924250,104,2021-10-21 10:35:27
30303034,1634801727,1,-62,1,902750,81,2021-10-21 10:35:27
30303032,1634801728,1,-58,1,904250,90,2021-10-21 10:35:28
30303132,1634801728,1,-70,1,910250,30,2021-10-21 10:35:28
30303031,1634801728,1,-63,1,917750,39,2021-10-21 10:35:28
30303032,1634801728,1,-60,1,912250,2,2021-10-21 10:35:28
30303133,1634801728,1,-62,1,912250,45,2021-10-21 10:35:28
30303138,1634801728,1,-64,2,905250,112,2021-10-21 10:35:28
