EPC,Time,ReadCount,RSSI,Antenna,Frequency,Phase,Date
30303033,1628491403,1,-76,1,903750,78,2021-08-09 09:43:23
30313035,1628491403,1,-70,1,919750,61,2021-08-09 09:43:23
30303131,1628491403,1,-78,1,919750,61,2021-08-09 09:43:23
30313039,1628491403,1,-64,1,919750,84,2021-08-09 09:43:23
30313038,1628491403,1,-66,1,927250,112,2021-08-09 09:43:23
30303032,1628491403,1,-59,1,927250,135,2021-08-09 09:43:23
30303034,1628491403,1,-68,1,927250,132,2021-08-09 09:43:23
30313034,1628491403,1,-72,1,927250,47,2021-08-09 09:43:23
30313033,1628491404,1,-74,1,922250,64,2021-08-09 09:43:24
30313039,1628491404,2,-69,1,922250,19,2021-08-09 09:43:24
30303133,1628491404,1,-74,1,922250,36,2021-08-09 09:43:24
30313039,1628491404,1,-63,1,920750,70,2021-08-09 09:43:24
30313130,1628491404,1,-74,1,909250,168,2021-08-09 09:43:24
30303036,1628491404,1,-66,1,908750,151,2021-08-09 09:43:24
30313038,1628491404,1,-66,1,924750,165,2021-08-09 09:43:24
30303032,1628491404,1,-58,1,924750,25,2021-08-09 09:43:24
30313035,1628491404,1,-70,1,924750,143,2021-08-09 09:43:24
30313039,1628491404,1,-63,1,924750,177,2021-08-09 09:43:24
30313039,1628491404,1,-64,1,924750,8,2021-08-09 09:43:24
30303036,1628491404,1,-53,1,924750,2,2021-08-09 09:43:24
30313034,1628491404,1,-72,1,924750,135,2021-08-09 09:43:24
30303131,1628491405,1,-78,1,915750,28,2021-08-09 09:43:25
30303033,1628491405,1,-75,1,915750,45,2021-08-09 09:43:25
30313036,1628491405,1,-69,1,903250,109,2021-08-09 09:43:25
30313130,1628491405,1,-75,1,903250,45,2021-08-09 09:43:25
30313033,1628491405,1,-75,1,908250,137,2021-08-09 09:43:25
30313039,1628491405,1,-65,1,908250,137,2021-08-09 09:43:25
30313039,1628491405,1,-78,1,919250,135,2021-08-09 09:43:25
30303035,1628491405,1,-63,1,919250,92,2021-08-09 09:43:25
30313131,1628491405,1,-76,30313034,1628491424,1,2021-08-09 09:43:25
30313039,1628491424,1,-66,1,907750,146,2021-08-09 09:43:44
30303131,1628491424,1,-79,1,917750,151,2021-08-09 09:43:44
30313033,1628491424,1,-75,1,923250,33,2021-08-09 09:43:44
30313035,1628491424,1,-70,1,923250,168,2021-08-09 09:43:44
30313039,1628491424,1,-64,1,923250,30,2021-08-09 09:43:44
30313039,1628491424,1,-62,1,913250,45,2021-08-09 09:43:44
30303133,1628491424,1,-75,1,913250,61,2021-08-09 09:43:44
30313038,1628491424,1,-76,1,913250,30,2021-08-09 09:43:44
30313130,1628491424,1,-77,1,905250,157,2021-08-09 09:43:44
30313038,1628491424,1,-66,1,923750,5,2021-08-09 09:43:44
30303032,1628491424,1,-57,1,923750,39,2021-08-09 09:43:44
30313039,1628491424,1,-76,1,923750,5,2021-08-09 09:43:44
30303036,1628491425,1,-63,1,912750,64,2021-08-09 09:43:45
30303034,1628491425,1,-68,1,918750,154,2021-08-09 09:43:45
30303131,1628491425,1,-79,1,918750,92,2021-08-09 09:43:45
30303035,1628491425,1,-66,1,918750,118,2021-08-09 09:43:45
30313039,1628491425,1,-63,1,926250,135,2021-08-09 09:43:45
30313034,1628491425,1,-72,1,921250,28,2021-08-09 09:43:45
30303033,1628491425,1,-77,1,905750,16,2021-08-09 09:43:45
30313035,1628491425,1,-70,1,911250,61,2021-08-09 09:43:45
30313039,1628491425,1,-63,1,926750,132,2021-08-09 09:43:45
30313038,1628491425,1,-66,1,926750,126,2021-08-09 09:43:45
30303036,1628491425,1,-54,1,926750,132,2021-08-09 09:43:45
30303032,1628491425,1,-60,1,926750,146,2021-08-09 09:43:45
30313033,1628491425,1,-75,1,926750,137,2021-08-09 09:43:45
30313039,1628491425,1,-76,1,921750,39,2021-08-09 09:43:45
30303131,1628491425,1,-77,1,921750,19,2021-08-09 09:43:45
30313039,1628491426,1,-65,1,916250,177,2021-08-09 09:43:46
30303133,1628491426,1,-76,1,916250,19,2021-08-09 09:43:46
30313034,1628491426,1,-75,1,916250,123,2021-08-09 09:43:46
30313131,1628491426,1,-74,1,916250,47,2021-08-09 09:43:46
30313035,1628491426,1,-73,1,916250,157,2021-08-09 09:43:46
30313038,1628491426,1,-66,1,922750,33,2021-08-09 09:43:46
30313039,1628491426,1,-66,1,904250,30,2021-08-09 09:43:46
30313036,1628491426,1,-70,1,904250,84,2021-08-09 09:43:46
30303033,1628491426,1,-75,1,904250,95,2021-08-09 09:43:46
30303032,1628491426,1,-57,1,917250,30,2021-08-09 09:43:46
30303131,1628491426,1,-80,1,917250,2,2021-08-09 09:43:46
30313130,1628491426,1,-75,1,909750,154,2021-08-09 09:43:46
30303034,1628491427,1,-69,1,911750,92,2021-08-09 09:43:47
30313033,1628491427,1,-75,1,911750,81,2021-08-09 09:43:47
30313039,1628491427,1,-69,1,911750,53,2021-08-09 09:43:47
30303036,1628491427,1,-63,1,911750,73,2021-08-09 09:43:47
30313039,1628491427,2,-65,1,906250,163,2021-08-09 09:43:47
30313039,1628491427,1,-79,1,919750,129,2021-08-09 09:43:47
30303035,1628491427,1,-62,1,927250,109,2021-08-09 09:43:47
30313034,1628491427,1,-72,1,927250,67,2021-08-09 09:43:47
30313038,1628491427,1,-67,1,927250,115,2021-08-09 09:43:47
30313035,1628491427,1,-70,1,907250,163,2021-08-09 09:43:47
30313039,1628491427,1,-64,1,909250,118,2021-08-09 09:43:47
30303036,1628491427,1,-56,1,909250,112,2021-08-09 09:43:47
30303032,1628491427,1,-59,1,925750,2,2021-08-09 09:43:47
30313038,1628491427,1,-75,1,925750,154,2021-08-09 09:43:47
30303131,1628491427,1,-77,1,920250,87,2021-08-09 09:43:47
30303133,1628491427,1,-74,1,920250,106,2021-08-09 09:43:47
30313039,1628491428,1,-62,1,914750,25,2021-08-09 09:43:48
30313038,1628491428,1,-77,1,914750,163,2021-08-09 09:43:48
30313038,1628491428,1,-64,1,924750,165,2021-08-09 09:43:48
30313039,1628491428,1,-76,1,924750,149,2021-08-09 09:43:48
30303033,1628491428,1,-77,1,924750,135,2021-08-09 09:43:48
30313033,1628491428,1,-74,1,924750,19,2021-08-09 09:43:48
30313130,1628491428,1,-75,1,915750,5,2021-08-09 09:43:48
30313034,1628491428,1,-75,1,915750,129,2021-08-09 09:43:48
30313035,1628491428,1,-70,1,910250,95,2021-08-09 09:43:48
30313036,1628491428,1,-70,1,903250,123,2021-08-09 09:43:48
30313130,1628491428,1,-76,1,903250,42,2021-08-09 09:43:48
30313039,1628491428,1,-66,1,903250,50,2021-08-09 09:43:48
30303032,1628491428,1,-58,1,919250,174,2021-08-09 09:43:48
30303131,1628491428,1,-79,1,919250,101,2021-08-09 09:43:48
30303034,1628491429,1,-67,1,907750,143,2021-08-09 09:43:49
30313131,1628491429,1,-76,1,907750,28,2021-08-09 09:43:49
30313038,1628491429,1,-68,1,917750,146,2021-08-09 09:43:49
30313039,1628491429,1,-66,1,917750,129,2021-08-09 09:43:49
30303036,1628491429,1,-64,1,906750,5,2021-08-09 09:43:49
30313034,1628491429,1,-72,1,923250,168,2021-08-09 09:43:49
