EPC,Time,ReadCount,RSSI,Antenna,Frequency,Phase
30313133,717919,1,-50,2,901250,163
30313133,718920,1,-61,1,909250,103
30313133,719922,1,-71,2,905750,178
30303133,720923,1,-73,3,910250,173
30313133,721925,1,-41,4,908750,85
30303133,722925,1,-51,4,912250,95
30303133,723927,1,-22,3,927250,6
30313133,724928,1,-98,4,910250,52
30303133,725929,1,-32,4,923750,178
30303133,726931,1,-80,1,907250,108
30303037,727932,1,-4,1,920250,155
30313133,728934,1,-37,1,925250,69
30313133,729935,1,-33,4,927250,129
30313133,730937,1,-53,1,918750,21
30313133,731937,1,-4,1,902250,154
30303133,732939,1,-65,4,908250,23
30303037,733940,1,-56,3,923750,164
30303037,734942,1,-9,2,910250,68
30303037,735943,1,-26,4,900250,188
30303133,736945,1,-23,2,924750,102
30303037,737946,1,-57,1,919750,89
30313133,738948,1,-91,3,903250,144
30313133,739949,1,-47,4,919250,100
30313133,740950,1,-80,2,912750,117
30303133,741951,1,-81,3,917750,130
30303037,742952,1,-83,4,912750,187
30313133,743954,1,-21,4,922750,73
30313133,744955,1,-89,1,901250,46
30303037,745957,1,-13,1,921250,196
30303037,746958,1,-26,4,925750,113
30303037,747960,1,-78,3,925750,194
30313133,748961,1,-44,1,903750,66
30303037,749963,1,-94,4,911250,108
30303037,750964,1,-91,3,924250,141
30303037,751965,1,-46,4,912750,86
30313133,752966,1,-67,1,910750,21
30303133,753968,1,-37,1,901750,22
30303037,754969,1,-73,2,921750,181
30303133,755971,1,-65,4,910750,128
30303037,756972,1,-46,1,901250,57
30303037,757975,1,-27,2,906250,9
30303037,758976,1,-51,1,917750,56
30303037,759976,1,0,3,923750,112
30313133,760978,1,-24,2,929750,157
30313133,761979,1,-39,3,915250,119
