EPC,Time,ReadCount,RSSI,Antenna,Frequency,Phase,Date
30303231,1634803519,1,-70,2,915250,84,2021-10-21 11:05:19
30303932,1634803520,1,-64,1,920750,50,2021-10-21 11:05:20
30303231,1634803521,1,-70,2,913750,146,2021-10-21 11:05:21
30303932,1634803521,1,-64,1,919750,92,2021-10-21 11:05:21
30303932,1634803523,1,-65,1,909750,30,2021-10-21 11:05:23
30303231,1634803523,1,-70,2,909750,50,2021-10-21 11:05:23
30303932,1634803524,1,-64,1,922750,165,2021-10-21 11:05:24
30303231,1634803524,1,-70,2,925750,73,2021-10-21 11:05:24
30303932,1634803525,1,-63,1,913750,75,2021-10-21 11:05:25
30303932,1634803527,1,-63,1,926750,42,2021-10-21 11:05:27
30303932,1634803528,1,-64,1,915250,45,2021-10-21 11:05:28
30303932,1634803530,1,-65,1,918750,118,2021-10-21 11:05:30
30303932,1634803531,1,-65,1,923750,137,2021-10-21 11:05:31
30303932,1634803532,1,-66,1,918250,132,2021-10-21 11:05:32
30303932,1634803534,1,-64,1,918250,137,2021-10-21 11:05:34
30303231,1634803534,1,-70,2,905750,143,2021-10-21 11:05:34
30303932,1634803535,1,-64,1,907750,70,2021-10-21 11:05:35
30303231,1634803536,1,-70,2,925250,53,2021-10-21 11:05:36
30303932,1634803536,1,-62,1,919250,84,2021-10-21 11:05:36
30303932,1634803538,1,-66,1,923750,132,2021-10-21 11:05:38
