EPC,Time,ReadCount,RSSI,Antenna,Frequency,Phase,Date
30303033,1634803729,1,-72,1,916250,135,2021-10-21 11:08:49
30313130,1634803729,1,-66,2,922750,135,2021-10-21 11:08:49
30313033,1634803730,1,-66,2,917250,98,2021-10-21 11:08:50
30303231,1634803730,1,-74,2,906250,25,2021-10-21 11:08:50
30303932,1634803730,1,-67,1,924250,126,2021-10-21 11:08:50
30313133,1634803730,1,-66,2,914250,109,2021-10-21 11:08:50
30303032,1634803731,1,-77,1,916750,109,2021-10-21 11:08:51
30303032,1634803731,1,-77,1,916750,118,2021-10-21 11:08:51
30303034,1634803731,1,-58,1,922750,123,2021-10-21 11:08:51
30303136,1634803731,1,-62,1,909250,92,2021-10-21 11:08:51
30303033,1634803732,1,-70,1,906750,171,2021-10-21 11:08:52
30303933,1634803732,1,-62,1,926750,0,2021-10-21 11:08:52
30303034,1634803733,1,-55,1,908750,171,2021-10-21 11:08:53
30303933,1634803733,1,-62,1,919250,45,2021-10-21 11:08:53
30303033,1634803734,1,-73,1,905750,45,2021-10-21 11:08:54
30303136,1634803734,1,-64,1,905750,16,2021-10-21 11:08:54
30303932,1634803734,1,-66,1,921750,42,2021-10-21 11:08:54
30303933,1634803734,1,-62,2,906250,8,2021-10-21 11:08:54
30303231,1634803734,1,-76,2,908750,163,2021-10-21 11:08:54
30303034,1634803735,1,-51,1,912250,67,2021-10-21 11:08:55
30303932,1634803735,1,-66,1,925250,163,2021-10-21 11:08:55
30303136,1634803736,1,-63,1,908250,140,2021-10-21 11:08:56
30303034,1634803737,1,-52,1,921750,129,2021-10-21 11:08:57
30303932,1634803737,1,-66,1,925250,132,2021-10-21 11:08:57
30303231,1634803737,1,-71,2,910750,115,2021-10-21 11:08:57
30303932,1634803738,1,-66,1,926750,56,2021-10-21 11:08:58
30303034,1634803739,1,-51,1,907250,47,2021-10-21 11:08:59
30303932,1634803740,1,-64,1,926750,47,2021-10-21 11:09:00
30303034,1634803741,1,-53,1,907750,22,2021-10-21 11:09:01
30303932,1634803741,1,-64,1,915250,30,2021-10-21 11:09:01
30303932,1634803742,1,-66,1,918750,109,2021-10-21 11:09:02
30303034,1634803743,1,-61,1,926750,0,2021-10-21 11:09:03
30303932,1634803744,1,-65,1,913250,81,2021-10-21 11:09:04
30303034,1634803745,1,-57,1,903250,5,2021-10-21 11:09:05
30303932,1634803745,1,-63,1,918250,123,2021-10-21 11:09:05
30303231,1634803746,1,-72,2,904250,90,2021-10-21 11:09:06
30303034,1634803747,1,-55,1,906750,64,2021-10-21 11:09:07
30303932,1634803747,1,-64,1,918250,135,2021-10-21 11:09:07
30303932,1634803748,1,-64,1,918250,135,2021-10-21 11:09:08
30303034,1634803748,1,-56,1,911250,101,2021-10-21 11:09:08
30303932,1634803749,1,-64,1,917750,129,2021-10-21 11:09:09
30303034,1634803750,1,-57,1,919750,171,2021-10-21 11:09:10
30303932,1634803751,1,-63,1,924250,129,2021-10-21 11:09:11
30303034,1634803752,1,-57,1,925750,5,2021-10-21 11:09:12
30303932,1634803752,1,-64,1,915750,42,2021-10-21 11:09:12
